time	diversity	m_div	M_div
0.0	461.0	461.0	461.0
0.10007818608287725	0.0	0.0	0.0
0.2001563721657545	0.0	0.0	0.0
0.30023455824863177	0.0	0.0	0.0
0.400312744331509	0.0	0.0	0.0
0.5003909304143862	0.0	0.0	0.0
0.6004691164972635	0.0	0.0	0.0
0.7005473025801408	0.0	0.0	0.0
0.800625488663018	0.0	0.0	0.0
0.9007036747458952	0.0	0.0	0.0
1.0007818608287724	0.0	0.0	0.0
1.1008600469116496	0.0	0.0	0.0
1.200938232994527	0.0	0.0	0.0
1.3010164190774043	0.0	0.0	0.0
1.4010946051602815	0.0	0.0	0.0
1.5011727912431587	0.0	0.0	0.0
1.601250977326036	0.0	0.0	0.0
1.7013291634089132	0.0	0.0	0.0
1.8014073494917904	0.0	0.0	0.0
1.9014855355746676	0.0	0.0	0.0
2.001563721657545	0.0	0.0	0.0
2.1016419077404223	0.0	0.0	0.0
2.2017200938232993	0.0	0.0	0.0
2.3017982799061767	0.0	0.0	0.0
2.401876465989054	0.0	0.0	0.0
2.501954652071931	0.0	0.0	0.0
2.6020328381548086	0.0	0.0	0.0
2.7021110242376856	0.0	0.0	0.0
2.802189210320563	0.0	0.0	0.0
2.90226739640344	0.0	0.0	0.0
3.0023455824863174	0.0	0.0	0.0
3.1024237685691944	0.0	0.0	0.0
3.202501954652072	0.0	0.0	0.0
3.3025801407349493	0.0	0.0	0.0
3.4026583268178263	0.0	0.0	0.0
3.5027365129007038	0.0	0.0	0.0
3.6028146989835808	0.0	0.0	0.0
3.702892885066458	0.0	0.0	0.0
3.802971071149335	0.0	0.0	0.0
3.9030492572322126	0.0	0.0	0.0
4.00312744331509	0.0	0.0	0.0
4.1032056293979675	0.0	0.0	0.0
4.2032838154808445	0.0	0.0	0.0
4.3033620015637215	0.0	0.0	0.0
4.4034401876465985	0.0	0.0	0.0
4.503518373729476	0.0	0.0	0.0
4.603596559812353	0.0	0.0	0.0
4.70367474589523	0.0	0.0	0.0
4.803752931978108	0.0	0.0	0.0
4.903831118060985	0.0	0.0	0.0
5.003909304143862	0.0	0.0	0.0
5.103987490226739	0.0	0.0	0.0
5.204065676309617	0.0	0.0	0.0
5.304143862392494	0.0	0.0	0.0
5.404222048475371	0.0	0.0	0.0
5.504300234558248	0.0	0.0	0.0
5.604378420641126	0.0	0.0	0.0
5.704456606724003	0.0	0.0	0.0
5.80453479280688	0.0	0.0	0.0
5.904612978889758	0.0	0.0	0.0
6.004691164972635	0.0	0.0	0.0
6.104769351055512	0.0	0.0	0.0
6.204847537138389	0.0	0.0	0.0
6.304925723221267	0.0	0.0	0.0
6.405003909304144	0.0	0.0	0.0
6.505082095387021	0.0	0.0	0.0
6.605160281469899	0.0	0.0	0.0
6.705238467552776	0.0	0.0	0.0
6.805316653635653	0.0	0.0	0.0
6.90539483971853	0.0	0.0	0.0
7.0054730258014075	0.0	0.0	0.0
7.1055512118842845	0.0	0.0	0.0
7.2056293979671615	0.0	0.0	0.0
7.305707584050039	0.0	0.0	0.0
7.405785770132916	0.0	0.0	0.0
7.505863956215793	0.0	0.0	0.0
7.60594214229867	0.0	0.0	0.0
7.706020328381548	0.0	0.0	0.0
7.806098514464425	0.0	0.0	0.0
7.906176700547302	0.0	0.0	0.0
8.00625488663018	0.0	0.0	0.0
8.106333072713056	0.0	0.0	0.0
8.206411258795935	0.0	0.0	0.0
8.306489444878812	0.0	0.0	0.0
8.406567630961689	0.0	0.0	0.0
8.506645817044566	0.0	0.0	0.0
8.606724003127443	0.0	0.0	0.0
8.70680218921032	0.0	0.0	0.0
8.806880375293197	0.0	0.0	0.0
8.906958561376076	0.0	0.0	0.0
9.007036747458953	0.0	0.0	0.0
9.10711493354183	0.0	0.0	0.0
9.207193119624707	0.0	0.0	0.0
9.307271305707584	0.0	0.0	0.0
9.40734949179046	0.0	0.0	0.0
9.507427677873338	0.0	0.0	0.0
9.607505863956217	0.0	0.0	0.0
9.707584050039094	0.0	0.0	0.0
9.80766223612197	0.0	0.0	0.0
9.907740422204848	0.0	0.0	0.0
10.007818608287725	0.0	0.0	0.0
10.107896794370602	0.0	0.0	0.0
10.207974980453479	0.0	0.0	0.0
10.308053166536356	0.0	0.0	0.0
10.408131352619234	0.0	0.0	0.0
10.508209538702111	0.0	0.0	0.0
10.608287724784988	0.0	0.0	0.0
10.708365910867865	0.0	0.0	0.0
10.808444096950742	0.0	0.0	0.0
10.90852228303362	0.0	0.0	0.0
11.008600469116496	0.0	0.0	0.0
11.108678655199375	0.0	0.0	0.0
11.208756841282252	0.0	0.0	0.0
11.308835027365129	0.0	0.0	0.0
11.408913213448006	0.0	0.0	0.0
11.508991399530883	0.0	0.0	0.0
11.60906958561376	0.0	0.0	0.0
11.709147771696637	0.0	0.0	0.0
11.809225957779516	0.0	0.0	0.0
11.909304143862393	0.0	0.0	0.0
12.00938232994527	0.0	0.0	0.0
12.109460516028147	0.0	0.0	0.0
12.209538702111024	0.0	0.0	0.0
12.3096168881939	0.0	0.0	0.0
12.409695074276778	0.0	0.0	0.0
12.509773260359657	0.0	0.0	0.0
12.609851446442534	0.0	0.0	0.0
12.70992963252541	0.0	0.0	0.0
12.810007818608288	0.0	0.0	0.0
12.910086004691165	0.0	0.0	0.0
13.010164190774042	0.0	0.0	0.0
13.110242376856919	0.0	0.0	0.0
13.210320562939797	0.0	0.0	0.0
13.310398749022674	0.0	0.0	0.0
13.410476935105551	0.0	0.0	0.0
13.510555121188428	0.0	0.0	0.0
13.610633307271305	0.0	0.0	0.0
13.710711493354182	0.0	0.0	0.0
13.81078967943706	0.0	0.0	0.0
13.910867865519938	0.0	0.0	0.0
14.010946051602815	0.0	0.0	0.0
14.111024237685692	0.0	0.0	0.0
14.211102423768569	0.0	0.0	0.0
14.311180609851446	0.0	0.0	0.0
14.411258795934323	0.0	0.0	0.0
14.5113369820172	0.0	0.0	0.0
14.611415168100079	0.0	0.0	0.0
14.711493354182956	0.0	0.0	0.0
14.811571540265833	0.0	0.0	0.0
14.91164972634871	0.0	0.0	0.0
15.011727912431587	0.0	0.0	0.0
15.111806098514464	0.0	0.0	0.0
15.21188428459734	0.0	0.0	0.0
15.31196247068022	0.0	0.0	0.0
15.412040656763097	0.0	0.0	0.0
15.512118842845974	0.0	0.0	0.0
15.61219702892885	0.0	0.0	0.0
15.712275215011728	0.0	0.0	0.0
15.812353401094605	0.0	0.0	0.0
15.912431587177482	0.0	0.0	0.0
16.01250977326036	0.0	0.0	0.0
16.112587959343237	0.0	0.0	0.0
16.212666145426113	0.0	0.0	0.0
16.31274433150899	0.0	0.0	0.0
16.41282251759187	0.0	0.0	0.0
16.512900703674745	0.0	0.0	0.0
16.612978889757624	0.0	0.0	0.0
16.7130570758405	0.0	0.0	0.0
16.813135261923378	0.0	0.0	0.0
16.913213448006253	0.0	0.0	0.0
17.013291634089132	0.0	0.0	0.0
17.11336982017201	0.0	0.0	0.0
17.213448006254886	0.0	0.0	0.0
17.313526192337765	0.0	0.0	0.0
17.41360437842064	0.0	0.0	0.0
17.51368256450352	0.0	0.0	0.0
17.613760750586394	0.0	0.0	0.0
17.713838936669273	0.0	0.0	0.0
17.81391712275215	0.0	0.0	0.0
17.913995308835027	0.0	0.0	0.0
18.014073494917906	0.0	0.0	0.0
18.11415168100078	0.0	0.0	0.0
18.21422986708366	0.0	0.0	0.0
18.314308053166535	0.0	0.0	0.0
18.414386239249414	0.0	0.0	0.0
18.514464425332292	0.0	0.0	0.0
18.614542611415168	0.0	0.0	0.0
18.714620797498046	0.0	0.0	0.0
18.81469898358092	0.0	0.0	0.0
18.9147771696638	0.0	0.0	0.0
19.014855355746676	0.0	0.0	0.0
19.114933541829554	0.0	0.0	0.0
19.215011727912433	0.0	0.0	0.0
19.31508991399531	0.0	0.0	0.0
19.415168100078187	0.0	0.0	0.0
19.515246286161062	0.0	0.0	0.0
19.61532447224394	0.0	0.0	0.0
19.715402658326816	0.0	0.0	0.0
19.815480844409695	0.0	0.0	0.0
19.91555903049257	0.0	0.0	0.0
20.01563721657545	0.0	0.0	0.0
20.115715402658328	0.0	0.0	0.0
20.215793588741203	0.0	0.0	0.0
20.315871774824082	0.0	0.0	0.0
20.415949960906957	0.0	0.0	0.0
20.516028146989836	0.0	0.0	0.0
20.61610633307271	0.0	0.0	0.0
20.71618451915559	0.0	0.0	0.0
20.81626270523847	0.0	0.0	0.0
20.916340891321344	0.0	0.0	0.0
21.016419077404223	0.0	0.0	0.0
21.116497263487098	0.0	0.0	0.0
21.216575449569977	0.0	0.0	0.0
21.31665363565285	0.0	0.0	0.0
21.41673182173573	0.0	0.0	0.0
21.51681000781861	0.0	0.0	0.0
21.616888193901485	0.0	0.0	0.0
21.716966379984363	0.0	0.0	0.0
21.81704456606724	0.0	0.0	0.0
21.917122752150117	0.0	0.0	0.0
22.017200938232993	0.0	0.0	0.0
22.11727912431587	0.0	0.0	0.0
22.21735731039875	0.0	0.0	0.0
22.317435496481625	0.0	0.0	0.0
22.417513682564504	0.0	0.0	0.0
22.51759186864738	0.0	0.0	0.0
22.617670054730258	0.0	0.0	0.0
22.717748240813133	0.0	0.0	0.0
22.817826426896012	0.0	0.0	0.0
22.91790461297889	0.0	0.0	0.0
23.017982799061766	0.0	0.0	0.0
23.118060985144645	0.0	0.0	0.0
23.21813917122752	0.0	0.0	0.0
23.3182173573104	0.0	0.0	0.0
23.418295543393274	0.0	0.0	0.0
23.518373729476153	0.0	0.0	0.0
23.61845191555903	0.0	0.0	0.0
23.718530101641907	0.0	0.0	0.0
23.818608287724786	0.0	0.0	0.0
23.91868647380766	0.0	0.0	0.0
24.01876465989054	0.0	0.0	0.0
24.118842845973415	0.0	0.0	0.0
24.218921032056294	0.0	0.0	0.0
24.318999218139172	0.0	0.0	0.0
24.419077404222048	0.0	0.0	0.0
24.519155590304926	0.0	0.0	0.0
24.6192337763878	0.0	0.0	0.0
24.71931196247068	0.0	0.0	0.0
24.819390148553556	0.0	0.0	0.0
24.919468334636434	0.0	0.0	0.0
25.019546520719313	0.0	0.0	0.0
25.11962470680219	0.0	0.0	0.0
25.219702892885067	0.0	0.0	0.0
25.319781078967942	0.0	0.0	0.0
25.41985926505082	0.0	0.0	0.0
25.519937451133696	0.0	0.0	0.0
25.620015637216575	0.0	0.0	0.0
25.720093823299454	0.0	0.0	0.0
25.82017200938233	0.0	0.0	0.0
25.920250195465208	0.0	0.0	0.0
26.020328381548083	0.0	0.0	0.0
26.120406567630962	0.0	0.0	0.0
26.220484753713837	0.0	0.0	0.0
26.320562939796716	0.0	0.0	0.0
26.420641125879595	0.0	0.0	0.0
26.52071931196247	0.0	0.0	0.0
26.62079749804535	0.0	0.0	0.0
26.720875684128224	0.0	0.0	0.0
26.820953870211103	0.0	0.0	0.0
26.921032056293978	0.0	0.0	0.0
27.021110242376857	0.0	0.0	0.0
27.121188428459735	0.0	0.0	0.0
27.22126661454261	0.0	0.0	0.0
27.32134480062549	0.0	0.0	0.0
27.421422986708365	0.0	0.0	0.0
27.521501172791243	0.0	0.0	0.0
27.62157935887412	0.0	0.0	0.0
27.721657544956997	0.0	0.0	0.0
27.821735731039876	0.0	0.0	0.0
27.92181391712275	0.0	0.0	0.0
28.02189210320563	0.0	0.0	0.0
28.121970289288505	0.0	0.0	0.0
28.222048475371384	0.0	0.0	0.0
28.32212666145426	0.0	0.0	0.0
28.422204847537138	0.0	0.0	0.0
28.522283033620017	0.0	0.0	0.0
28.622361219702892	0.0	0.0	0.0
28.72243940578577	0.0	0.0	0.0
28.822517591868646	0.0	0.0	0.0
28.922595777951525	0.0	0.0	0.0
29.0226739640344	0.0	0.0	0.0
29.12275215011728	0.0	0.0	0.0
29.222830336200158	0.0	0.0	0.0
29.322908522283033	0.0	0.0	0.0
29.42298670836591	0.0	0.0	0.0
29.523064894448787	0.0	0.0	0.0
29.623143080531666	0.0	0.0	0.0
29.72322126661454	0.0	0.0	0.0
29.82329945269742	0.0	0.0	0.0
29.9233776387803	0.0	0.0	0.0
30.023455824863174	0.0	0.0	0.0
30.123534010946052	0.0	0.0	0.0
30.223612197028928	0.0	0.0	0.0
30.323690383111806	0.0	0.0	0.0
30.42376856919468	0.0	0.0	0.0
30.52384675527756	0.0	0.0	0.0
30.62392494136044	0.0	0.0	0.0
30.724003127443314	0.0	0.0	0.0
30.824081313526193	0.0	0.0	0.0
30.92415949960907	0.0	0.0	0.0
31.024237685691947	0.0	0.0	0.0
31.124315871774822	0.0	0.0	0.0
31.2243940578577	0.0	0.0	0.0
31.32447224394058	0.0	0.0	0.0
31.424550430023455	0.0	0.0	0.0
31.524628616106334	0.0	0.0	0.0
31.62470680218921	0.0	0.0	0.0
31.724784988272088	0.0	0.0	0.0
31.824863174354963	0.0	0.0	0.0
31.924941360437842	0.0	0.0	0.0
32.02501954652072	0.0	0.0	0.0
32.1250977326036	0.0	0.0	0.0
32.225175918686475	0.0	0.0	0.0
32.32525410476935	0.0	0.0	0.0
32.425332290852225	0.0	0.0	0.0
32.52541047693511	0.0	0.0	0.0
32.62548866301798	0.0	0.0	0.0
32.72556684910086	0.0	0.0	0.0
32.82564503518374	0.0	0.0	0.0
32.925723221266615	0.0	0.0	0.0
33.02580140734949	0.0	0.0	0.0
33.125879593432366	0.0	0.0	0.0
33.22595777951525	0.0	0.0	0.0
33.32603596559812	0.0	0.0	0.0
33.426114151681	0.0	0.0	0.0
33.52619233776388	0.0	0.0	0.0
33.626270523846756	0.0	0.0	0.0
33.72634870992963	0.0	0.0	0.0
33.82642689601251	0.0	0.0	0.0
33.92650508209539	0.0	0.0	0.0
34.026583268178264	0.0	0.0	0.0
34.12666145426114	0.0	0.0	0.0
34.22673964034402	0.0	0.0	0.0
34.3268178264269	0.0	0.0	0.0
34.42689601250977	0.0	0.0	0.0
34.52697419859265	0.0	0.0	0.0
34.62705238467553	0.0	0.0	0.0
34.727130570758405	0.0	0.0	0.0
34.82720875684128	0.0	0.0	0.0
34.92728694292416	0.0	0.0	0.0
35.02736512900704	0.0	0.0	0.0
35.12744331508991	0.0	0.0	0.0
35.22752150117279	0.0	0.0	0.0
35.32759968725567	0.0	0.0	0.0
35.427677873338546	0.0	0.0	0.0
35.52775605942142	0.0	0.0	0.0
35.6278342455043	0.0	0.0	0.0
35.72791243158718	0.0	0.0	0.0
35.82799061767005	0.0	0.0	0.0
35.92806880375293	0.0	0.0	0.0
36.02814698983581	0.0	0.0	0.0
36.128225175918686	0.0	0.0	0.0
36.22830336200156	0.0	0.0	0.0
36.328381548084444	0.0	0.0	0.0
36.42845973416732	0.0	0.0	0.0
36.528537920250194	0.0	0.0	0.0
36.62861610633307	0.0	0.0	0.0
36.72869429241595	0.0	0.0	0.0
36.82877247849883	0.0	0.0	0.0
36.9288506645817	0.0	0.0	0.0
37.028928850664585	0.0	0.0	0.0
37.12900703674746	0.0	0.0	0.0
37.229085222830335	0.0	0.0	0.0
37.32916340891321	0.0	0.0	0.0
37.42924159499609	0.0	0.0	0.0
37.52931978107897	0.0	0.0	0.0
37.62939796716184	0.0	0.0	0.0
37.729476153244725	0.0	0.0	0.0
37.8295543393276	0.0	0.0	0.0
37.929632525410476	0.0	0.0	0.0
38.02971071149335	0.0	0.0	0.0
38.12978889757623	0.0	0.0	0.0
38.22986708365911	0.0	0.0	0.0
38.329945269741984	0.0	0.0	0.0
38.430023455824866	0.0	0.0	0.0
38.53010164190774	0.0	0.0	0.0
38.63017982799062	0.0	0.0	0.0
38.73025801407349	0.0	0.0	0.0
38.830336200156374	0.0	0.0	0.0
38.93041438623925	0.0	0.0	0.0
39.030492572322125	0.0	0.0	0.0
39.130570758405	0.0	0.0	0.0
39.23064894448788	0.0	0.0	0.0
39.33072713057076	0.0	0.0	0.0
39.43080531665363	0.0	0.0	0.0
39.530883502736515	0.0	0.0	0.0
39.63096168881939	0.0	0.0	0.0
39.731039874902265	0.0	0.0	0.0
39.83111806098514	0.0	0.0	0.0
39.93119624706802	0.0	0.0	0.0
40.0312744331509	0.0	0.0	0.0
40.13135261923377	0.0	0.0	0.0
40.231430805316656	0.0	0.0	0.0
40.33150899139953	0.0	0.0	0.0
40.431587177482406	0.0	0.0	0.0
40.53166536356528	0.0	0.0	0.0
40.631743549648164	0.0	0.0	0.0
40.73182173573104	0.0	0.0	0.0
40.831899921813914	0.0	0.0	0.0
40.931978107896796	0.0	0.0	0.0
41.03205629397967	0.0	0.0	0.0
41.13213448006255	0.0	0.0	0.0
41.23221266614542	0.0	0.0	0.0
41.332290852228304	0.0	0.0	0.0
41.43236903831118	0.0	0.0	0.0
41.532447224394055	0.0	0.0	0.0
41.63252541047694	0.0	0.0	0.0
41.73260359655981	0.0	0.0	0.0
41.83268178264269	0.0	0.0	0.0
41.93275996872556	0.0	0.0	0.0
42.032838154808445	0.0	0.0	0.0
42.13291634089132	0.0	0.0	0.0
42.232994526974196	0.0	0.0	0.0
42.33307271305708	0.0	0.0	0.0
42.43315089913995	0.0	0.0	0.0
42.53322908522283	0.0	0.0	0.0
42.6333072713057	0.0	0.0	0.0
42.733385457388586	0.0	0.0	0.0
42.83346364347146	0.0	0.0	0.0
42.933541829554336	0.0	0.0	0.0
43.03362001563722	0.0	0.0	0.0
43.133698201720094	0.0	0.0	0.0
43.23377638780297	0.0	0.0	0.0
43.333854573885844	0.0	0.0	0.0
43.43393275996873	0.0	0.0	0.0
43.5340109460516	0.0	0.0	0.0
43.63408913213448	0.0	0.0	0.0
43.73416731821736	0.0	0.0	0.0
43.834245504300235	0.0	0.0	0.0
43.93432369038311	0.0	0.0	0.0
44.034401876465985	0.0	0.0	0.0
44.13448006254887	0.0	0.0	0.0
44.23455824863174	0.0	0.0	0.0
44.33463643471462	0.0	0.0	0.0
44.4347146207975	0.0	0.0	0.0
44.534792806880375	0.0	0.0	0.0
44.63487099296325	0.0	0.0	0.0
44.734949179046126	0.0	0.0	0.0
44.83502736512901	0.0	0.0	0.0
44.93510555121188	0.0	0.0	0.0
45.03518373729476	0.0	0.0	0.0
45.13526192337764	0.0	0.0	0.0
45.235340109460516	0.0	0.0	0.0
45.33541829554339	0.0	0.0	0.0
45.43549648162627	0.0	0.0	0.0
45.53557466770915	0.0	0.0	0.0
45.635652853792024	0.0	0.0	0.0
45.7357310398749	0.0	0.0	0.0
45.83580922595778	0.0	0.0	0.0
45.93588741204066	0.0	0.0	0.0
46.03596559812353	0.0	0.0	0.0
46.13604378420641	0.0	0.0	0.0
46.23612197028929	0.0	0.0	0.0
46.336200156372165	0.0	0.0	0.0
46.43627834245504	0.0	0.0	0.0
46.53635652853792	0.0	0.0	0.0
46.6364347146208	0.0	0.0	0.0
46.73651290070367	0.0	0.0	0.0
46.83659108678655	0.0	0.0	0.0
46.93666927286943	0.0	0.0	0.0
47.036747458952306	0.0	0.0	0.0
47.13682564503518	0.0	0.0	0.0
47.23690383111806	0.0	0.0	0.0
47.33698201720094	0.0	0.0	0.0
47.437060203283814	0.0	0.0	0.0
47.53713838936669	0.0	0.0	0.0
47.63721657544957	0.0	0.0	0.0
47.737294761532446	0.0	0.0	0.0
47.83737294761532	0.0	0.0	0.0
47.937451133698204	0.0	0.0	0.0
48.03752931978108	0.0	0.0	0.0
48.137607505863954	0.0	0.0	0.0
48.23768569194683	0.0	0.0	0.0
48.33776387802971	0.0	0.0	0.0
48.43784206411259	0.0	0.0	0.0
48.53792025019546	0.0	0.0	0.0
48.637998436278345	0.0	0.0	0.0
48.73807662236122	0.0	0.0	0.0
48.838154808444095	0.0	0.0	0.0
48.93823299452697	0.0	0.0	0.0
49.03831118060985	0.0	0.0	0.0
49.13838936669273	0.0	0.0	0.0
49.2384675527756	0.0	0.0	0.0
49.338545738858485	0.0	0.0	0.0
49.43862392494136	0.0	0.0	0.0
49.538702111024236	0.0	0.0	0.0
49.63878029710711	0.0	0.0	0.0
49.73885848318999	0.0	0.0	0.0
49.83893666927287	0.0	0.0	0.0
49.939014855355744	0.0	0.0	0.0
50.039093041438626	0.0	0.0	0.0
50.1391712275215	0.0	0.0	0.0
50.23924941360438	0.0	0.0	0.0
50.33932759968725	0.0	0.0	0.0
50.439405785770134	0.0	0.0	0.0
50.53948397185301	0.0	0.0	0.0
50.639562157935885	0.0	0.0	0.0
50.73964034401877	0.0	0.0	0.0
50.83971853010164	0.0	0.0	0.0
50.93979671618452	0.0	0.0	0.0
51.03987490226739	0.0	0.0	0.0
51.139953088350275	0.0	0.0	0.0
51.24003127443315	0.0	0.0	0.0
51.340109460516025	0.0	0.0	0.0
51.44018764659891	0.0	0.0	0.0
51.54026583268178	0.0	0.0	0.0
51.64034401876466	0.0	0.0	0.0
51.74042220484753	0.0	0.0	0.0
51.840500390930416	0.0	0.0	0.0
51.94057857701329	0.0	0.0	0.0
52.040656763096166	0.0	0.0	0.0
52.14073494917905	0.0	0.0	0.0
52.240813135261924	0.0	0.0	0.0
52.3408913213448	0.0	0.0	0.0
52.440969507427674	0.0	0.0	0.0
52.541047693510556	0.0	0.0	0.0
52.64112587959343	0.0	0.0	0.0
52.74120406567631	0.0	0.0	0.0
52.84128225175919	0.0	0.0	0.0
52.941360437842064	0.0	0.0	0.0
53.04143862392494	0.0	0.0	0.0
53.141516810007815	0.0	0.0	0.0
53.2415949960907	0.0	0.0	0.0
53.34167318217357	0.0	0.0	0.0
53.44175136825645	0.0	0.0	0.0
53.54182955433933	0.0	0.0	0.0
53.641907740422205	0.0	0.0	0.0
53.74198592650508	0.0	0.0	0.0
53.842064112587956	0.0	0.0	0.0
53.94214229867084	0.0	0.0	0.0
54.04222048475371	0.0	0.0	0.0
54.14229867083659	0.0	0.0	0.0
54.24237685691947	0.0	0.0	0.0
54.342455043002346	0.0	0.0	0.0
54.44253322908522	0.0	0.0	0.0
54.542611415168096	0.0	0.0	0.0
54.64268960125098	0.0	0.0	0.0
54.742767787333854	0.0	0.0	0.0
54.84284597341673	0.0	0.0	0.0
54.94292415949961	0.0	0.0	0.0
55.04300234558249	0.0	0.0	0.0
55.14308053166536	0.0	0.0	0.0
55.24315871774824	0.0	0.0	0.0
55.34323690383112	0.0	0.0	0.0
55.443315089913995	0.0	0.0	0.0
55.54339327599687	0.0	0.0	0.0
55.64347146207975	0.0	0.0	0.0
55.74354964816263	0.0	0.0	0.0
55.8436278342455	0.0	0.0	0.0
55.94370602032838	0.0	0.0	0.0
56.04378420641126	0.0	0.0	0.0
56.143862392494135	0.0	0.0	0.0
56.24394057857701	0.0	0.0	0.0
56.34401876465989	0.0	0.0	0.0
56.44409695074277	0.0	0.0	0.0
56.54417513682564	0.0	0.0	0.0
56.64425332290852	0.0	0.0	0.0
56.7443315089914	0.0	0.0	0.0
56.844409695074276	0.0	0.0	0.0
56.94448788115715	0.0	0.0	0.0
57.044566067240034	0.0	0.0	0.0
57.14464425332291	0.0	0.0	0.0
57.244722439405784	0.0	0.0	0.0
57.34480062548866	0.0	0.0	0.0
57.44487881157154	0.0	0.0	0.0
57.54495699765442	0.0	0.0	0.0
57.64503518373729	0.0	0.0	0.0
57.745113369820174	0.0	0.0	0.0
57.84519155590305	0.0	0.0	0.0
57.945269741985925	0.0	0.0	0.0
58.0453479280688	0.0	0.0	0.0
58.14542611415168	0.0	0.0	0.0
58.24550430023456	0.0	0.0	0.0
58.34558248631743	0.0	0.0	0.0
58.445660672400315	0.0	0.0	0.0
58.54573885848319	0.0	0.0	0.0
58.645817044566066	0.0	0.0	0.0
58.74589523064894	0.0	0.0	0.0
58.84597341673182	0.0	0.0	0.0
58.9460516028147	0.0	0.0	0.0
59.046129788897574	0.0	0.0	0.0
59.146207974980456	0.0	0.0	0.0
59.24628616106333	0.0	0.0	0.0
59.346364347146206	0.0	0.0	0.0
59.44644253322908	0.0	0.0	0.0
59.546520719311964	0.0	0.0	0.0
59.64659890539484	0.0	0.0	0.0
59.746677091477714	0.0	0.0	0.0
59.8467552775606	0.0	0.0	0.0
59.94683346364347	0.0	0.0	0.0
60.04691164972635	0.0	0.0	0.0
60.14698983580922	0.0	0.0	0.0
60.247068021892105	0.0	0.0	0.0
60.34714620797498	0.0	0.0	0.0
60.447224394057855	0.0	0.0	0.0
60.54730258014074	0.0	0.0	0.0
60.64738076622361	0.0	0.0	0.0
60.74745895230649	0.0	0.0	0.0
60.84753713838936	0.0	0.0	0.0
60.947615324472245	0.0	0.0	0.0
61.04769351055512	0.0	0.0	0.0
61.147771696637996	0.0	0.0	0.0
61.24784988272088	0.0	0.0	0.0
61.34792806880375	0.0	0.0	0.0
61.44800625488663	0.0	0.0	0.0
61.548084440969504	0.0	0.0	0.0
61.648162627052386	0.0	0.0	0.0
61.74824081313526	0.0	0.0	0.0
61.84831899921814	0.0	0.0	0.0
61.94839718530102	0.0	0.0	0.0
62.048475371383894	0.0	0.0	0.0
62.14855355746677	0.0	0.0	0.0
62.248631743549645	0.0	0.0	0.0
62.34870992963253	0.0	0.0	0.0
62.4487881157154	0.0	0.0	0.0
62.54886630179828	0.0	0.0	0.0
62.64894448788116	0.0	0.0	0.0
62.749022673964035	0.0	0.0	0.0
62.84910086004691	0.0	0.0	0.0
62.949179046129785	0.0	0.0	0.0
63.04925723221267	0.0	0.0	0.0
63.14933541829554	0.0	0.0	0.0
63.24941360437842	0.0	0.0	0.0
63.3494917904613	0.0	0.0	0.0
63.449569976544176	0.0	0.0	0.0
63.54964816262705	0.0	0.0	0.0
63.649726348709926	0.0	0.0	0.0
63.74980453479281	0.0	0.0	0.0
63.849882720875684	0.0	0.0	0.0
63.94996090695856	0.0	0.0	0.0
64.05003909304143	0.0	0.0	0.0
64.15011727912432	0.0	0.0	0.0
64.2501954652072	0.0	0.0	0.0
64.35027365129007	0.0	0.0	0.0
64.45035183737295	0.0	0.0	0.0
64.55043002345582	0.0	0.0	0.0
64.6505082095387	0.0	0.0	0.0
64.75058639562158	0.0	0.0	0.0
64.85066458170445	0.0	0.0	0.0
64.95074276778733	0.0	0.0	0.0
65.05082095387021	0.0	0.0	0.0
65.15089913995308	0.0	0.0	0.0
65.25097732603597	0.0	0.0	0.0
65.35105551211885	0.0	0.0	0.0
65.45113369820172	0.0	0.0	0.0
65.5512118842846	0.0	0.0	0.0
65.65129007036748	0.0	0.0	0.0
65.75136825645035	0.0	0.0	0.0
65.85144644253323	0.0	0.0	0.0
65.9515246286161	0.0	0.0	0.0
66.05160281469898	0.0	0.0	0.0
66.15168100078186	0.0	0.0	0.0
66.25175918686473	0.0	0.0	0.0
66.35183737294761	0.0	0.0	0.0
66.4519155590305	0.0	0.0	0.0
66.55199374511336	0.0	0.0	0.0
66.65207193119625	0.0	0.0	0.0
66.75215011727913	0.0	0.0	0.0
66.852228303362	0.0	0.0	0.0
66.95230648944488	0.0	0.0	0.0
67.05238467552776	0.0	0.0	0.0
67.15246286161063	0.0	0.0	0.0
67.25254104769351	0.0	0.0	0.0
67.35261923377638	0.0	0.0	0.0
67.45269741985926	0.0	0.0	0.0
67.55277560594214	0.0	0.0	0.0
67.65285379202501	0.0	0.0	0.0
67.7529319781079	0.0	0.0	0.0
67.85301016419078	0.0	0.0	0.0
67.95308835027365	0.0	0.0	0.0
68.05316653635653	0.0	0.0	0.0
68.15324472243941	0.0	0.0	0.0
68.25332290852228	0.0	0.0	0.0
68.35340109460516	0.0	0.0	0.0
68.45347928068804	0.0	0.0	0.0
68.55355746677091	0.0	0.0	0.0
68.6536356528538	0.0	0.0	0.0
68.75371383893666	0.0	0.0	0.0
68.85379202501954	0.0	0.0	0.0
68.95387021110243	0.0	0.0	0.0
69.0539483971853	0.0	0.0	0.0
69.15402658326818	0.0	0.0	0.0
69.25410476935106	0.0	0.0	0.0
69.35418295543393	0.0	0.0	0.0
69.45426114151681	0.0	0.0	0.0
69.55433932759969	0.0	0.0	0.0
69.65441751368256	0.0	0.0	0.0
69.75449569976544	0.0	0.0	0.0
69.85457388584832	0.0	0.0	0.0
69.95465207193119	0.0	0.0	0.0
70.05473025801408	0.0	0.0	0.0
70.15480844409694	0.0	0.0	0.0
70.25488663017983	0.0	0.0	0.0
70.35496481626271	0.0	0.0	0.0
70.45504300234558	0.0	0.0	0.0
70.55512118842846	0.0	0.0	0.0
70.65519937451134	0.0	0.0	0.0
70.75527756059421	0.0	0.0	0.0
70.85535574667709	0.0	0.0	0.0
70.95543393275997	0.0	0.0	0.0
71.05551211884284	0.0	0.0	0.0
71.15559030492572	0.0	0.0	0.0
71.2556684910086	0.0	0.0	0.0
71.35574667709147	0.0	0.0	0.0
71.45582486317436	0.0	0.0	0.0
71.55590304925722	0.0	0.0	0.0
71.6559812353401	0.0	0.0	0.0
71.75605942142299	0.0	0.0	0.0
71.85613760750586	0.0	0.0	0.0
71.95621579358874	0.0	0.0	0.0
72.05629397967162	0.0	0.0	0.0
72.15637216575449	0.0	0.0	0.0
72.25645035183737	0.0	0.0	0.0
72.35652853792025	0.0	0.0	0.0
72.45660672400312	0.0	0.0	0.0
72.556684910086	0.0	0.0	0.0
72.65676309616889	0.0	0.0	0.0
72.75684128225176	0.0	0.0	0.0
72.85691946833464	0.0	0.0	0.0
72.9569976544175	0.0	0.0	0.0
73.05707584050039	0.0	0.0	0.0
73.15715402658327	0.0	0.0	0.0
73.25723221266614	0.0	0.0	0.0
73.35731039874902	0.0	0.0	0.0
73.4573885848319	0.0	0.0	0.0
73.55746677091477	0.0	0.0	0.0
73.65754495699765	0.0	0.0	0.0
73.75762314308054	0.0	0.0	0.0
73.8577013291634	0.0	0.0	0.0
73.95777951524629	0.0	0.0	0.0
74.05785770132917	0.0	0.0	0.0
74.15793588741204	0.0	0.0	0.0
74.25801407349492	0.0	0.0	0.0
74.35809225957779	0.0	0.0	0.0
74.45817044566067	0.0	0.0	0.0
74.55824863174355	0.0	0.0	0.0
74.65832681782642	0.0	0.0	0.0
74.7584050039093	0.0	0.0	0.0
74.85848318999219	0.0	0.0	0.0
74.95856137607505	0.0	0.0	0.0
75.05863956215794	0.0	0.0	0.0
75.15871774824082	0.0	0.0	0.0
75.25879593432369	0.0	0.0	0.0
75.35887412040657	0.0	0.0	0.0
75.45895230648945	0.0	0.0	0.0
75.55903049257232	0.0	0.0	0.0
75.6591086786552	0.0	0.0	0.0
75.75918686473807	0.0	0.0	0.0
75.85926505082095	0.0	0.0	0.0
75.95934323690383	0.0	0.0	0.0
76.0594214229867	0.0	0.0	0.0
76.15949960906958	0.0	0.0	0.0
76.25957779515247	0.0	0.0	0.0
76.35965598123533	0.0	0.0	0.0
76.45973416731822	0.0	0.0	0.0
76.5598123534011	0.0	0.0	0.0
76.65989053948397	0.0	0.0	0.0
76.75996872556685	0.0	0.0	0.0
76.86004691164973	0.0	0.0	0.0
76.9601250977326	0.0	0.0	0.0
77.06020328381548	0.0	0.0	0.0
77.16028146989835	0.0	0.0	0.0
77.26035965598123	0.0	0.0	0.0
77.36043784206412	0.0	0.0	0.0
77.46051602814698	0.0	0.0	0.0
77.56059421422987	0.0	0.0	0.0
77.66067240031275	0.0	0.0	0.0
77.76075058639562	0.0	0.0	0.0
77.8608287724785	0.0	0.0	0.0
77.96090695856138	0.0	0.0	0.0
78.06098514464425	0.0	0.0	0.0
78.16106333072713	0.0	0.0	0.0
78.26114151681	0.0	0.0	0.0
78.36121970289288	0.0	0.0	0.0
78.46129788897576	0.0	0.0	0.0
78.56137607505863	0.0	0.0	0.0
78.66145426114151	0.0	0.0	0.0
78.7615324472244	0.0	0.0	0.0
78.86161063330727	0.0	0.0	0.0
78.96168881939015	0.0	0.0	0.0
79.06176700547303	0.0	0.0	0.0
79.1618451915559	0.0	0.0	0.0
79.26192337763878	0.0	0.0	0.0
79.36200156372166	0.0	0.0	0.0
79.46207974980453	0.0	0.0	0.0
79.56215793588741	0.0	0.0	0.0
79.66223612197028	0.0	0.0	0.0
79.76231430805316	0.0	0.0	0.0
79.86239249413605	0.0	0.0	0.0
79.96247068021891	0.0	0.0	0.0
80.0625488663018	0.0	0.0	0.0
80.16262705238468	0.0	0.0	0.0
80.26270523846755	0.0	0.0	0.0
80.36278342455043	0.0	0.0	0.0
80.46286161063331	0.0	0.0	0.0
80.56293979671618	0.0	0.0	0.0
80.66301798279906	0.0	0.0	0.0
80.76309616888194	0.0	0.0	0.0
80.86317435496481	0.0	0.0	0.0
80.9632525410477	0.0	0.0	0.0
81.06333072713056	0.0	0.0	0.0
81.16340891321344	0.0	0.0	0.0
81.26348709929633	0.0	0.0	0.0
81.3635652853792	0.0	0.0	0.0
81.46364347146208	0.0	0.0	0.0
81.56372165754496	0.0	0.0	0.0
81.66379984362783	0.0	0.0	0.0
81.76387802971071	0.0	0.0	0.0
81.86395621579359	0.0	0.0	0.0
81.96403440187646	0.0	0.0	0.0
82.06411258795934	0.0	0.0	0.0
82.16419077404223	0.0	0.0	0.0
82.2642689601251	0.0	0.0	0.0
82.36434714620798	0.0	0.0	0.0
82.46442533229084	0.0	0.0	0.0
82.56450351837373	0.0	0.0	0.0
82.66458170445661	0.0	0.0	0.0
82.76465989053948	0.0	0.0	0.0
82.86473807662236	0.0	0.0	0.0
82.96481626270524	0.0	0.0	0.0
83.06489444878811	0.0	0.0	0.0
83.16497263487099	0.0	0.0	0.0
83.26505082095387	0.0	0.0	0.0
83.36512900703674	0.0	0.0	0.0
83.46520719311962	0.0	0.0	0.0
83.5652853792025	0.0	0.0	0.0
83.66536356528538	0.0	0.0	0.0
83.76544175136826	0.0	0.0	0.0
83.86551993745113	0.0	0.0	0.0
83.96559812353401	0.0	0.0	0.0
84.06567630961689	0.0	0.0	0.0
84.16575449569976	0.0	0.0	0.0
84.26583268178264	0.0	0.0	0.0
84.36591086786552	0.0	0.0	0.0
84.46598905394839	0.0	0.0	0.0
84.56606724003127	0.0	0.0	0.0
84.66614542611416	0.0	0.0	0.0
84.76622361219702	0.0	0.0	0.0
84.8663017982799	0.0	0.0	0.0
84.96637998436279	0.0	0.0	0.0
85.06645817044566	0.0	0.0	0.0
85.16653635652854	0.0	0.0	0.0
85.2666145426114	0.0	0.0	0.0
85.36669272869429	0.0	0.0	0.0
85.46677091477717	0.0	0.0	0.0
85.56684910086004	0.0	0.0	0.0
85.66692728694292	0.0	0.0	0.0
85.7670054730258	0.0	0.0	0.0
85.86708365910867	0.0	0.0	0.0
85.96716184519155	0.0	0.0	0.0
86.06724003127444	0.0	0.0	0.0
86.1673182173573	0.0	0.0	0.0
86.26739640344019	0.0	0.0	0.0
86.36747458952307	0.0	0.0	0.0
86.46755277560594	0.0	0.0	0.0
86.56763096168882	0.0	0.0	0.0
86.66770914777169	0.0	0.0	0.0
86.76778733385457	0.0	0.0	0.0
86.86786551993745	0.0	0.0	0.0
86.96794370602032	0.0	0.0	0.0
87.0680218921032	0.0	0.0	0.0
87.16810007818609	0.0	0.0	0.0
87.26817826426895	0.0	0.0	0.0
87.36825645035184	0.0	0.0	0.0
87.46833463643472	0.0	0.0	0.0
87.56841282251759	0.0	0.0	0.0
87.66849100860047	0.0	0.0	0.0
87.76856919468335	0.0	0.0	0.0
87.86864738076622	0.0	0.0	0.0
87.9687255668491	0.0	0.0	0.0
88.06880375293197	0.0	0.0	0.0
88.16888193901485	0.0	0.0	0.0
88.26896012509773	0.0	0.0	0.0
88.3690383111806	0.0	0.0	0.0
88.46911649726349	0.0	0.0	0.0
88.56919468334637	0.0	0.0	0.0
88.66927286942924	0.0	0.0	0.0
88.76935105551212	0.0	0.0	0.0
88.869429241595	0.0	0.0	0.0
88.96950742767787	0.0	0.0	0.0
89.06958561376075	0.0	0.0	0.0
89.16966379984363	0.0	0.0	0.0
89.2697419859265	0.0	0.0	0.0
89.36982017200938	0.0	0.0	0.0
89.46989835809225	0.0	0.0	0.0
89.56997654417513	0.0	0.0	0.0
89.67005473025802	0.0	0.0	0.0
89.77013291634088	0.0	0.0	0.0
89.87021110242377	0.0	0.0	0.0
89.97028928850665	0.0	0.0	0.0
90.07036747458952	0.0	0.0	0.0
90.1704456606724	0.0	0.0	0.0
90.27052384675528	0.0	0.0	0.0
90.37060203283815	0.0	0.0	0.0
90.47068021892103	0.0	0.0	0.0
90.57075840500391	0.0	0.0	0.0
90.67083659108678	0.0	0.0	0.0
90.77091477716966	0.0	0.0	0.0
90.87099296325253	0.0	0.0	0.0
90.97107114933542	0.0	0.0	0.0
91.0711493354183	0.0	0.0	0.0
91.17122752150117	0.0	0.0	0.0
91.27130570758405	0.0	0.0	0.0
91.37138389366693	0.0	0.0	0.0
91.4714620797498	0.0	0.0	0.0
91.57154026583268	0.0	0.0	0.0
91.67161845191556	0.0	0.0	0.0
91.77169663799843	0.0	0.0	0.0
91.87177482408131	0.0	0.0	0.0
91.9718530101642	0.0	0.0	0.0
92.07193119624706	0.0	0.0	0.0
92.17200938232995	0.0	0.0	0.0
92.27208756841281	0.0	0.0	0.0
92.3721657544957	0.0	0.0	0.0
92.47224394057858	0.0	0.0	0.0
92.57232212666145	0.0	0.0	0.0
92.67240031274433	0.0	0.0	0.0
92.77247849882721	0.0	0.0	0.0
92.87255668491008	0.0	0.0	0.0
92.97263487099296	0.0	0.0	0.0
93.07271305707584	0.0	0.0	0.0
93.17279124315871	0.0	0.0	0.0
93.2728694292416	0.0	0.0	0.0
93.37294761532448	0.0	0.0	0.0
93.47302580140735	0.0	0.0	0.0
93.57310398749023	0.0	0.0	0.0
93.6731821735731	0.0	0.0	0.0
93.77326035965598	0.0	0.0	0.0
93.87333854573886	0.0	0.0	0.0
93.97341673182173	0.0	0.0	0.0
94.07349491790461	0.0	0.0	0.0
94.1735731039875	0.0	0.0	0.0
94.27365129007036	0.0	0.0	0.0
94.37372947615324	0.0	0.0	0.0
94.47380766223613	0.0	0.0	0.0
94.573885848319	0.0	0.0	0.0
94.67396403440188	0.0	0.0	0.0
94.77404222048476	0.0	0.0	0.0
94.87412040656763	0.0	0.0	0.0
94.97419859265051	0.0	0.0	0.0
95.07427677873338	0.0	0.0	0.0
95.17435496481626	0.0	0.0	0.0
95.27443315089914	0.0	0.0	0.0
95.37451133698201	0.0	0.0	0.0
95.47458952306489	0.0	0.0	0.0
95.57466770914777	0.0	0.0	0.0
95.67474589523064	0.0	0.0	0.0
95.77482408131353	0.0	0.0	0.0
95.87490226739641	0.0	0.0	0.0
95.97498045347928	0.0	0.0	0.0
96.07505863956216	0.0	0.0	0.0
96.17513682564504	0.0	0.0	0.0
96.27521501172791	0.0	0.0	0.0
96.37529319781079	0.0	0.0	0.0
96.47537138389366	0.0	0.0	0.0
96.57544956997654	0.0	0.0	0.0
96.67552775605942	0.0	0.0	0.0
96.77560594214229	0.0	0.0	0.0
96.87568412822517	0.0	0.0	0.0
96.97576231430806	0.0	0.0	0.0
97.07584050039092	0.0	0.0	0.0
97.1759186864738	0.0	0.0	0.0
97.27599687255669	0.0	0.0	0.0
97.37607505863956	0.0	0.0	0.0
97.47615324472244	0.0	0.0	0.0
97.57623143080532	0.0	0.0	0.0
97.67630961688819	0.0	0.0	0.0
97.77638780297107	0.0	0.0	0.0
97.87646598905394	0.0	0.0	0.0
97.97654417513682	0.0	0.0	0.0
98.0766223612197	0.0	0.0	0.0
98.17670054730257	0.0	0.0	0.0
98.27677873338546	0.0	0.0	0.0
98.37685691946834	0.0	0.0	0.0
98.4769351055512	0.0	0.0	0.0
98.57701329163409	0.0	0.0	0.0
98.67709147771697	0.0	0.0	0.0
98.77716966379984	0.0	0.0	0.0
98.87724784988272	0.0	0.0	0.0
98.9773260359656	0.0	0.0	0.0
99.07740422204847	0.0	0.0	0.0
99.17748240813135	0.0	0.0	0.0
99.27756059421422	0.0	0.0	0.0
99.3776387802971	0.0	0.0	0.0
99.47771696637999	0.0	0.0	0.0
99.57779515246285	0.0	0.0	0.0
99.67787333854574	0.0	0.0	0.0
99.77795152462862	0.0	0.0	0.0
99.87802971071149	0.0	0.0	0.0
99.97810789679437	0.0	0.0	0.0
100.07818608287725	0.0	0.0	0.0
100.17826426896012	0.0	0.0	0.0
100.278342455043	0.0	0.0	0.0
100.37842064112589	0.0	0.0	0.0
100.47849882720875	0.0	0.0	0.0
100.57857701329164	0.0	0.0	0.0
100.6786551993745	0.0	0.0	0.0
100.77873338545739	0.0	0.0	0.0
100.87881157154027	0.0	0.0	0.0
100.97888975762314	0.0	0.0	0.0
101.07896794370602	0.0	0.0	0.0
101.1790461297889	0.0	0.0	0.0
101.27912431587177	0.0	0.0	0.0
101.37920250195465	0.0	0.0	0.0
101.47928068803753	0.0	0.0	0.0
101.5793588741204	0.0	0.0	0.0
101.67943706020328	0.0	0.0	0.0
101.77951524628617	0.0	0.0	0.0
101.87959343236903	0.0	0.0	0.0
101.97967161845192	0.0	0.0	0.0
102.07974980453479	0.0	0.0	0.0
102.17982799061767	0.0	0.0	0.0
102.27990617670055	0.0	0.0	0.0
102.37998436278342	0.0	0.0	0.0
102.4800625488663	0.0	0.0	0.0
102.58014073494918	0.0	0.0	0.0
102.68021892103205	0.0	0.0	0.0
102.78029710711493	0.0	0.0	0.0
102.88037529319782	0.0	0.0	0.0
102.98045347928068	0.0	0.0	0.0
103.08053166536357	0.0	0.0	0.0
103.18060985144643	0.0	0.0	0.0
103.28068803752932	0.0	0.0	0.0
103.3807662236122	0.0	0.0	0.0
103.48084440969507	0.0	0.0	0.0
103.58092259577795	0.0	0.0	0.0
103.68100078186083	0.0	0.0	0.0
103.7810789679437	0.0	0.0	0.0
103.88115715402658	0.0	0.0	0.0
103.98123534010946	0.0	0.0	0.0
104.08131352619233	0.0	0.0	0.0
104.18139171227521	0.0	0.0	0.0
104.2814698983581	0.0	0.0	0.0
104.38154808444096	0.0	0.0	0.0
104.48162627052385	0.0	0.0	0.0
104.58170445660672	0.0	0.0	0.0
104.6817826426896	0.0	0.0	0.0
104.78186082877248	0.0	0.0	0.0
104.88193901485535	0.0	0.0	0.0
104.98201720093823	0.0	0.0	0.0
105.08209538702111	0.0	0.0	0.0
105.18217357310398	0.0	0.0	0.0
105.28225175918686	0.0	0.0	0.0
105.38232994526975	0.0	0.0	0.0
105.48240813135261	0.0	0.0	0.0
105.5824863174355	0.0	0.0	0.0
105.68256450351838	0.0	0.0	0.0
105.78264268960125	0.0	0.0	0.0
105.88272087568413	0.0	0.0	0.0
105.982799061767	0.0	0.0	0.0
106.08287724784988	0.0	0.0	0.0
106.18295543393276	0.0	0.0	0.0
106.28303362001563	0.0	0.0	0.0
106.38311180609851	0.0	0.0	0.0
106.4831899921814	0.0	0.0	0.0
106.58326817826426	0.0	0.0	0.0
106.68334636434714	0.0	0.0	0.0
106.78342455043003	0.0	0.0	0.0
106.8835027365129	0.0	0.0	0.0
106.98358092259578	0.0	0.0	0.0
107.08365910867866	0.0	0.0	0.0
107.18373729476153	0.0	0.0	0.0
107.28381548084441	0.0	0.0	0.0
107.38389366692728	0.0	0.0	0.0
107.48397185301016	0.0	0.0	0.0
107.58405003909304	0.0	0.0	0.0
107.68412822517591	0.0	0.0	0.0
107.7842064112588	0.0	0.0	0.0
107.88428459734168	0.0	0.0	0.0
107.98436278342454	0.0	0.0	0.0
108.08444096950743	0.0	0.0	0.0
108.18451915559031	0.0	0.0	0.0
108.28459734167318	0.0	0.0	0.0
108.38467552775606	0.0	0.0	0.0
108.48475371383894	0.0	0.0	0.0
108.58483189992181	0.0	0.0	0.0
108.68491008600469	0.0	0.0	0.0
108.78498827208756	0.0	0.0	0.0
108.88506645817044	0.0	0.0	0.0
108.98514464425332	0.0	0.0	0.0
109.08522283033619	0.0	0.0	0.0
109.18530101641907	0.0	0.0	0.0
109.28537920250196	0.0	0.0	0.0
109.38545738858483	0.0	0.0	0.0
109.48553557466771	0.0	0.0	0.0
109.58561376075059	0.0	0.0	0.0
109.68569194683346	0.0	0.0	0.0
109.78577013291634	0.0	0.0	0.0
109.88584831899922	0.0	0.0	0.0
109.98592650508209	0.0	0.0	0.0
110.08600469116497	0.0	0.0	0.0
110.18608287724784	0.0	0.0	0.0
110.28616106333072	0.0	0.0	0.0
110.3862392494136	0.0	0.0	0.0
110.48631743549647	0.0	0.0	0.0
110.58639562157936	0.0	0.0	0.0
110.68647380766224	0.0	0.0	0.0
110.7865519937451	0.0	0.0	0.0
110.88663017982799	0.0	0.0	0.0
110.98670836591087	0.0	0.0	0.0
111.08678655199374	0.0	0.0	0.0
111.18686473807662	0.0	0.0	0.0
111.2869429241595	0.0	0.0	0.0
111.38702111024237	0.0	0.0	0.0
111.48709929632525	0.0	0.0	0.0
111.58717748240812	0.0	0.0	0.0
111.687255668491	0.0	0.0	0.0
111.78733385457389	0.0	0.0	0.0
111.88741204065676	0.0	0.0	0.0
111.98749022673964	0.0	0.0	0.0
112.08756841282252	0.0	0.0	0.0
112.18764659890539	0.0	0.0	0.0
112.28772478498827	0.0	0.0	0.0
112.38780297107115	0.0	0.0	0.0
112.48788115715402	0.0	0.0	0.0
112.5879593432369	0.0	0.0	0.0
112.68803752931979	0.0	0.0	0.0
112.78811571540265	0.0	0.0	0.0
112.88819390148554	0.0	0.0	0.0
112.9882720875684	0.0	0.0	0.0
113.08835027365129	0.0	0.0	0.0
113.18842845973417	0.0	0.0	0.0
113.28850664581704	0.0	0.0	0.0
113.38858483189992	0.0	0.0	0.0
113.4886630179828	0.0	0.0	0.0
113.58874120406567	0.0	0.0	0.0
113.68881939014855	0.0	0.0	0.0
113.78889757623143	0.0	0.0	0.0
113.8889757623143	0.0	0.0	0.0
113.98905394839718	0.0	0.0	0.0
114.08913213448007	0.0	0.0	0.0
114.18921032056294	0.0	0.0	0.0
114.28928850664582	0.0	0.0	0.0
114.38936669272869	0.0	0.0	0.0
114.48944487881157	0.0	0.0	0.0
114.58952306489445	0.0	0.0	0.0
114.68960125097732	0.0	0.0	0.0
114.7896794370602	0.0	0.0	0.0
114.88975762314308	0.0	0.0	0.0
114.98983580922595	0.0	0.0	0.0
115.08991399530883	0.0	0.0	0.0
115.18999218139172	0.0	0.0	0.0
115.29007036747458	0.0	0.0	0.0
115.39014855355747	0.0	0.0	0.0
115.49022673964035	0.0	0.0	0.0
115.59030492572322	0.0	0.0	0.0
115.6903831118061	0.0	0.0	0.0
115.79046129788897	0.0	0.0	0.0
115.89053948397185	0.0	0.0	0.0
115.99061767005473	0.0	0.0	0.0
116.0906958561376	0.0	0.0	0.0
116.19077404222048	0.0	0.0	0.0
116.29085222830336	0.0	0.0	0.0
116.39093041438623	0.0	0.0	0.0
116.49100860046912	0.0	0.0	0.0
116.591086786552	0.0	0.0	0.0
116.69116497263487	0.0	0.0	0.0
116.79124315871775	0.0	0.0	0.0
116.89132134480063	0.0	0.0	0.0
116.9913995308835	0.0	0.0	0.0
117.09147771696638	0.0	0.0	0.0
117.19155590304925	0.0	0.0	0.0
117.29163408913213	0.0	0.0	0.0
117.39171227521501	0.0	0.0	0.0
117.49179046129788	0.0	0.0	0.0
117.59186864738076	0.0	0.0	0.0
117.69194683346365	0.0	0.0	0.0
117.79202501954651	0.0	0.0	0.0
117.8921032056294	0.0	0.0	0.0
117.99218139171228	0.0	0.0	0.0
118.09225957779515	0.0	0.0	0.0
118.19233776387803	0.0	0.0	0.0
118.29241594996091	0.0	0.0	0.0
118.39249413604378	0.0	0.0	0.0
118.49257232212666	0.0	0.0	0.0
118.59265050820953	0.0	0.0	0.0
118.69272869429241	0.0	0.0	0.0
118.7928068803753	0.0	0.0	0.0
118.89288506645816	0.0	0.0	0.0
118.99296325254105	0.0	0.0	0.0
119.09304143862393	0.0	0.0	0.0
119.1931196247068	0.0	0.0	0.0
119.29319781078968	0.0	0.0	0.0
119.39327599687256	0.0	0.0	0.0
119.49335418295543	0.0	0.0	0.0
119.59343236903831	0.0	0.0	0.0
119.6935105551212	0.0	0.0	0.0
119.79358874120406	0.0	0.0	0.0
119.89366692728694	0.0	0.0	0.0
119.99374511336981	0.0	0.0	0.0
120.0938232994527	0.0	0.0	0.0
120.19390148553558	0.0	0.0	0.0
120.29397967161844	0.0	0.0	0.0
120.39405785770133	0.0	0.0	0.0
120.49413604378421	0.0	0.0	0.0
120.59421422986708	0.0	0.0	0.0
120.69429241594996	0.0	0.0	0.0
120.79437060203284	0.0	0.0	0.0
120.89444878811571	0.0	0.0	0.0
120.99452697419859	0.0	0.0	0.0
121.09460516028147	0.0	0.0	0.0
121.19468334636434	0.0	0.0	0.0
121.29476153244723	0.0	0.0	0.0
121.3948397185301	0.0	0.0	0.0
121.49491790461298	0.0	0.0	0.0
121.59499609069586	0.0	0.0	0.0
121.69507427677873	0.0	0.0	0.0
121.79515246286161	0.0	0.0	0.0
121.89523064894449	0.0	0.0	0.0
121.99530883502736	0.0	0.0	0.0
122.09538702111024	0.0	0.0	0.0
122.19546520719312	0.0	0.0	0.0
122.29554339327599	0.0	0.0	0.0
122.39562157935887	0.0	0.0	0.0
122.49569976544176	0.0	0.0	0.0
122.59577795152462	0.0	0.0	0.0
122.6958561376075	0.0	0.0	0.0
122.79593432369037	0.0	0.0	0.0
122.89601250977326	0.0	0.0	0.0
122.99609069585614	0.0	0.0	0.0
123.09616888193901	0.0	0.0	0.0
123.19624706802189	0.0	0.0	0.0
123.29632525410477	0.0	0.0	0.0
123.39640344018764	0.0	0.0	0.0
123.49648162627052	0.0	0.0	0.0
123.5965598123534	0.0	0.0	0.0
123.69663799843627	0.0	0.0	0.0
123.79671618451916	0.0	0.0	0.0
123.89679437060204	0.0	0.0	0.0
123.9968725566849	0.0	0.0	0.0
124.09695074276779	0.0	0.0	0.0
124.19702892885066	0.0	0.0	0.0
124.29710711493354	0.0	0.0	0.0
124.39718530101642	0.0	0.0	0.0
124.49726348709929	0.0	0.0	0.0
124.59734167318217	0.0	0.0	0.0
124.69741985926505	0.0	0.0	0.0
124.79749804534792	0.0	0.0	0.0
124.8975762314308	0.0	0.0	0.0
124.99765441751369	0.0	0.0	0.0
125.09773260359655	0.0	0.0	0.0
125.19781078967944	0.0	0.0	0.0
125.29788897576232	0.0	0.0	0.0
125.39796716184519	0.0	0.0	0.0
125.49804534792807	0.0	0.0	0.0
125.59812353401094	0.0	0.0	0.0
125.69820172009382	0.0	0.0	0.0
125.7982799061767	0.0	0.0	0.0
125.89835809225957	0.0	0.0	0.0
125.99843627834245	0.0	0.0	0.0
126.09851446442534	0.0	0.0	0.0
126.1985926505082	0.0	0.0	0.0
126.29867083659109	0.0	0.0	0.0
126.39874902267397	0.0	0.0	0.0
126.49882720875684	0.0	0.0	0.0
126.59890539483972	0.0	0.0	0.0
126.6989835809226	0.0	0.0	0.0
126.79906176700547	0.0	0.0	0.0
126.89913995308835	0.0	0.0	0.0
126.99921813917122	0.0	0.0	0.0
127.0992963252541	0.0	0.0	0.0
127.19937451133698	0.0	0.0	0.0
127.29945269741985	0.0	0.0	0.0
127.39953088350273	0.0	0.0	0.0
127.49960906958562	0.0	0.0	0.0
127.59968725566848	0.0	0.0	0.0
127.69976544175137	0.0	0.0	0.0
127.79984362783425	0.0	0.0	0.0
127.89992181391712	0.0	0.0	0.0
128.0	0.0	0.0	0.0
