time	diversity	m_div	M_div
0.0	79.0	79.0	79.0
0.10012726850296674	86.0	86.0	86.0
0.2002545370059335	86.0	86.0	86.0
0.30038180550890026	86.0	86.0	86.0
0.400509074011867	84.0	84.0	84.0
0.5006363425148337	76.0	76.0	76.0
0.6007636110178005	77.0	77.0	77.0
0.7008908795207672	77.0	77.0	77.0
0.801018148023734	79.0	79.0	79.0
0.9011454165267007	77.0	77.0	77.0
1.0012726850296674	76.0	76.0	76.0
1.1013999535326342	75.0	75.0	75.0
1.201527222035601	69.0	69.0	69.0
1.3016544905385676	68.0	68.0	68.0
1.4017817590415345	69.0	69.0	69.0
1.501909027544501	71.0	71.0	71.0
1.602036296047468	71.0	71.0	71.0
1.7021635645504347	73.0	73.0	73.0
1.8022908330534013	77.0	77.0	77.0
1.9024181015563681	77.0	77.0	77.0
2.0025453700593348	80.0	80.0	80.0
2.102672638562302	83.0	83.0	83.0
2.2027999070652684	91.0	91.0	91.0
2.302927175568235	92.0	92.0	92.0
2.403054444071202	97.0	97.0	97.0
2.5031817125741687	102.0	102.0	102.0
2.6033089810771353	102.0	102.0	102.0
2.703436249580102	104.0	104.0	104.0
2.803563518083069	109.0	109.0	109.0
2.9036907865860355	122.0	122.0	122.0
3.003818055089002	127.0	127.0	127.0
3.103945323591969	128.0	128.0	128.0
3.204072592094936	125.0	125.0	125.0
3.3041998605979024	122.0	122.0	122.0
3.4043271291008694	116.0	116.0	116.0
3.504454397603836	111.0	111.0	111.0
3.6045816661068026	110.0	110.0	110.0
3.7047089346097697	105.0	105.0	105.0
3.8048362031127363	101.0	101.0	101.0
3.904963471615703	96.0	96.0	96.0
4.0050907401186695	88.0	88.0	88.0
4.1052180086216365	81.0	81.0	81.0
4.205345277124604	79.0	79.0	79.0
4.30547254562757	77.0	77.0	77.0
4.405599814130537	75.0	75.0	75.0
4.505727082633504	71.0	71.0	71.0
4.60585435113647	70.0	70.0	70.0
4.705981619639437	69.0	69.0	69.0
4.806108888142404	71.0	71.0	71.0
4.90623615664537	71.0	71.0	71.0
5.006363425148337	71.0	71.0	71.0
5.1064906936513035	69.0	69.0	69.0
5.2066179621542705	69.0	69.0	69.0
5.306745230657238	69.0	69.0	69.0
5.406872499160204	68.0	68.0	68.0
5.506999767663171	67.0	67.0	67.0
5.607127036166138	64.0	64.0	64.0
5.707254304669104	64.0	64.0	64.0
5.807381573172071	62.0	62.0	62.0
5.907508841675038	60.0	60.0	60.0
6.007636110178004	59.0	59.0	59.0
6.107763378680971	57.0	57.0	57.0
6.207890647183938	56.0	56.0	56.0
6.3080179156869045	55.0	55.0	55.0
6.408145184189872	52.0	52.0	52.0
6.508272452692839	54.0	54.0	54.0
6.608399721195805	53.0	53.0	53.0
6.708526989698772	51.0	51.0	51.0
6.808654258201739	51.0	51.0	51.0
6.908781526704705	50.0	50.0	50.0
7.008908795207672	50.0	50.0	50.0
7.109036063710639	51.0	51.0	51.0
7.209163332213605	51.0	51.0	51.0
7.309290600716572	51.0	51.0	51.0
7.409417869219539	51.0	51.0	51.0
7.5095451377225055	49.0	49.0	49.0
7.609672406225473	50.0	50.0	50.0
7.70979967472844	49.0	49.0	49.0
7.809926943231406	49.0	49.0	49.0
7.910054211734373	49.0	49.0	49.0
8.010181480237339	49.0	49.0	49.0
8.110308748740307	50.0	50.0	50.0
8.210436017243273	50.0	50.0	50.0
8.31056328574624	51.0	51.0	51.0
8.410690554249207	51.0	51.0	51.0
8.510817822752173	51.0	51.0	51.0
8.61094509125514	51.0	51.0	51.0
8.711072359758107	52.0	52.0	52.0
8.811199628261074	52.0	52.0	52.0
8.91132689676404	53.0	53.0	53.0
9.011454165267008	52.0	52.0	52.0
9.111581433769974	52.0	52.0	52.0
9.21170870227294	52.0	52.0	52.0
9.311835970775908	53.0	53.0	53.0
9.411963239278874	54.0	54.0	54.0
9.51209050778184	54.0	54.0	54.0
9.612217776284808	55.0	55.0	55.0
9.712345044787774	54.0	54.0	54.0
9.81247231329074	56.0	56.0	56.0
9.912599581793707	57.0	57.0	57.0
10.012726850296675	57.0	57.0	57.0
10.11285411879964	58.0	58.0	58.0
10.212981387302607	59.0	59.0	59.0
10.313108655805575	59.0	59.0	59.0
10.413235924308541	59.0	59.0	59.0
10.513363192811507	58.0	58.0	58.0
10.613490461314475	58.0	58.0	58.0
10.713617729817441	60.0	60.0	60.0
10.813744998320407	61.0	61.0	61.0
10.913872266823375	61.0	61.0	61.0
11.013999535326342	62.0	62.0	62.0
11.114126803829308	63.0	63.0	63.0
11.214254072332276	64.0	64.0	64.0
11.314381340835242	65.0	65.0	65.0
11.414508609338208	66.0	66.0	66.0
11.514635877841176	66.0	66.0	66.0
11.614763146344142	67.0	67.0	67.0
11.714890414847108	68.0	68.0	68.0
11.815017683350076	70.0	70.0	70.0
11.915144951853042	70.0	70.0	70.0
12.015272220356009	72.0	72.0	72.0
12.115399488858976	75.0	75.0	75.0
12.215526757361943	78.0	78.0	78.0
12.315654025864909	76.0	76.0	76.0
12.415781294367877	78.0	78.0	78.0
12.515908562870843	79.0	79.0	79.0
12.616035831373809	82.0	82.0	82.0
12.716163099876777	82.0	82.0	82.0
12.816290368379743	82.0	82.0	82.0
12.91641763688271	83.0	83.0	83.0
13.016544905385677	84.0	84.0	84.0
13.116672173888643	85.0	85.0	85.0
13.21679944239161	85.0	85.0	85.0
13.316926710894577	85.0	85.0	85.0
13.417053979397544	83.0	83.0	83.0
13.51718124790051	84.0	84.0	84.0
13.617308516403478	83.0	83.0	83.0
13.717435784906444	86.0	86.0	86.0
13.81756305340941	84.0	84.0	84.0
13.917690321912378	84.0	84.0	84.0
14.017817590415344	83.0	83.0	83.0
14.11794485891831	88.0	88.0	88.0
14.218072127421278	89.0	89.0	89.0
14.318199395924244	88.0	88.0	88.0
14.41832666442721	85.0	85.0	85.0
14.518453932930178	89.0	89.0	89.0
14.618581201433145	88.0	88.0	88.0
14.71870846993611	88.0	88.0	88.0
14.818835738439079	89.0	89.0	89.0
14.918963006942045	88.0	88.0	88.0
15.019090275445011	90.0	90.0	90.0
15.119217543947979	91.0	91.0	91.0
15.219344812450945	89.0	89.0	89.0
15.319472080953911	89.0	89.0	89.0
15.41959934945688	89.0	89.0	89.0
15.519726617959845	92.0	92.0	92.0
15.619853886462812	93.0	93.0	93.0
15.71998115496578	94.0	94.0	94.0
15.820108423468746	93.0	93.0	93.0
15.920235691971712	97.0	97.0	97.0
16.020362960474678	98.0	98.0	98.0
16.120490228977644	98.0	98.0	98.0
16.220617497480614	101.0	101.0	101.0
16.32074476598358	104.0	104.0	104.0
16.420872034486546	103.0	103.0	103.0
16.520999302989512	103.0	103.0	103.0
16.62112657149248	104.0	104.0	104.0
16.721253839995445	103.0	103.0	103.0
16.821381108498414	104.0	104.0	104.0
16.92150837700138	102.0	102.0	102.0
17.021635645504347	101.0	101.0	101.0
17.121762914007313	101.0	101.0	101.0
17.22189018251028	101.0	101.0	101.0
17.322017451013245	98.0	98.0	98.0
17.422144719516215	94.0	94.0	94.0
17.52227198801918	94.0	94.0	94.0
17.622399256522147	100.0	100.0	100.0
17.722526525025113	96.0	96.0	96.0
17.82265379352808	95.0	95.0	95.0
17.922781062031046	96.0	96.0	96.0
18.022908330534015	96.0	96.0	96.0
18.12303559903698	95.0	95.0	95.0
18.223162867539948	94.0	94.0	94.0
18.323290136042914	96.0	96.0	96.0
18.42341740454588	96.0	96.0	96.0
18.523544673048846	95.0	95.0	95.0
18.623671941551816	96.0	96.0	96.0
18.723799210054782	94.0	94.0	94.0
18.82392647855775	93.0	93.0	93.0
18.924053747060714	89.0	89.0	89.0
19.02418101556368	88.0	88.0	88.0
19.124308284066647	87.0	87.0	87.0
19.224435552569616	86.0	86.0	86.0
19.324562821072583	87.0	87.0	87.0
19.42469008957555	83.0	83.0	83.0
19.524817358078515	83.0	83.0	83.0
19.62494462658148	83.0	83.0	83.0
19.725071895084447	84.0	84.0	84.0
19.825199163587413	83.0	83.0	83.0
19.925326432090383	83.0	83.0	83.0
20.02545370059335	83.0	83.0	83.0
20.125580969096315	81.0	81.0	81.0
20.22570823759928	79.0	79.0	79.0
20.325835506102248	80.0	80.0	80.0
20.425962774605214	78.0	78.0	78.0
20.526090043108184	78.0	78.0	78.0
20.62621731161115	77.0	77.0	77.0
20.726344580114116	77.0	77.0	77.0
20.826471848617082	74.0	74.0	74.0
20.92659911712005	71.0	71.0	71.0
21.026726385623014	70.0	70.0	70.0
21.126853654125984	69.0	69.0	69.0
21.22698092262895	70.0	70.0	70.0
21.327108191131916	71.0	71.0	71.0
21.427235459634883	69.0	69.0	69.0
21.52736272813785	69.0	69.0	69.0
21.627489996640815	68.0	68.0	68.0
21.727617265143785	67.0	67.0	67.0
21.82774453364675	67.0	67.0	67.0
21.927871802149717	65.0	65.0	65.0
22.027999070652683	65.0	65.0	65.0
22.12812633915565	65.0	65.0	65.0
22.228253607658615	65.0	65.0	65.0
22.328380876161585	65.0	65.0	65.0
22.42850814466455	65.0	65.0	65.0
22.528635413167517	65.0	65.0	65.0
22.628762681670484	63.0	63.0	63.0
22.72888995017345	62.0	62.0	62.0
22.829017218676416	61.0	61.0	61.0
22.929144487179386	61.0	61.0	61.0
23.029271755682352	63.0	63.0	63.0
23.129399024185318	63.0	63.0	63.0
23.229526292688284	62.0	62.0	62.0
23.32965356119125	63.0	63.0	63.0
23.429780829694216	63.0	63.0	63.0
23.529908098197186	63.0	63.0	63.0
23.630035366700152	62.0	62.0	62.0
23.73016263520312	61.0	61.0	61.0
23.830289903706085	59.0	59.0	59.0
23.93041717220905	59.0	59.0	59.0
24.030544440712017	60.0	60.0	60.0
24.130671709214987	61.0	61.0	61.0
24.230798977717953	60.0	60.0	60.0
24.33092624622092	60.0	60.0	60.0
24.431053514723885	59.0	59.0	59.0
24.53118078322685	57.0	57.0	57.0
24.631308051729818	56.0	56.0	56.0
24.731435320232787	57.0	57.0	57.0
24.831562588735753	55.0	55.0	55.0
24.93168985723872	56.0	56.0	56.0
25.031817125741686	55.0	55.0	55.0
25.131944394244652	55.0	55.0	55.0
25.232071662747618	53.0	53.0	53.0
25.332198931250588	52.0	52.0	52.0
25.432326199753554	49.0	49.0	49.0
25.53245346825652	49.0	49.0	49.0
25.632580736759486	51.0	51.0	51.0
25.732708005262452	52.0	52.0	52.0
25.83283527376542	51.0	51.0	51.0
25.932962542268385	50.0	50.0	50.0
26.033089810771354	50.0	50.0	50.0
26.13321707927432	48.0	48.0	48.0
26.233344347777287	47.0	47.0	47.0
26.333471616280253	46.0	46.0	46.0
26.43359888478322	45.0	45.0	45.0
26.533726153286185	43.0	43.0	43.0
26.633853421789155	44.0	44.0	44.0
26.73398069029212	43.0	43.0	43.0
26.834107958795087	43.0	43.0	43.0
26.934235227298053	40.0	40.0	40.0
27.03436249580102	40.0	40.0	40.0
27.134489764303986	37.0	37.0	37.0
27.234617032806955	36.0	36.0	36.0
27.33474430130992	35.0	35.0	35.0
27.434871569812888	34.0	34.0	34.0
27.534998838315854	34.0	34.0	34.0
27.63512610681882	33.0	33.0	33.0
27.735253375321786	34.0	34.0	34.0
27.835380643824756	34.0	34.0	34.0
27.935507912327722	35.0	35.0	35.0
28.03563518083069	35.0	35.0	35.0
28.135762449333654	33.0	33.0	33.0
28.23588971783662	31.0	31.0	31.0
28.336016986339587	31.0	31.0	31.0
28.436144254842556	32.0	32.0	32.0
28.536271523345523	30.0	30.0	30.0
28.63639879184849	31.0	31.0	31.0
28.736526060351455	31.0	31.0	31.0
28.83665332885442	31.0	31.0	31.0
28.936780597357387	30.0	30.0	30.0
29.036907865860357	30.0	30.0	30.0
29.137035134363323	30.0	30.0	30.0
29.23716240286629	29.0	29.0	29.0
29.337289671369255	28.0	28.0	28.0
29.43741693987222	28.0	28.0	28.0
29.537544208375188	27.0	27.0	27.0
29.637671476878158	26.0	26.0	26.0
29.737798745381124	26.0	26.0	26.0
29.83792601388409	28.0	28.0	28.0
29.938053282387056	30.0	30.0	30.0
30.038180550890022	29.0	29.0	29.0
30.13830781939299	28.0	28.0	28.0
30.238435087895958	27.0	27.0	27.0
30.338562356398924	27.0	27.0	27.0
30.43868962490189	27.0	27.0	27.0
30.538816893404857	26.0	26.0	26.0
30.638944161907823	26.0	26.0	26.0
30.73907143041079	26.0	26.0	26.0
30.83919869891376	28.0	28.0	28.0
30.939325967416725	27.0	27.0	27.0
31.03945323591969	27.0	27.0	27.0
31.139580504422657	28.0	28.0	28.0
31.239707772925623	28.0	28.0	28.0
31.33983504142859	29.0	29.0	29.0
31.43996230993156	29.0	29.0	29.0
31.540089578434525	29.0	29.0	29.0
31.64021684693749	29.0	29.0	29.0
31.740344115440458	28.0	28.0	28.0
31.840471383943424	28.0	28.0	28.0
31.94059865244639	29.0	29.0	29.0
32.040725920949356	29.0	29.0	29.0
32.14085318945232	30.0	30.0	30.0
32.24098045795529	31.0	31.0	31.0
32.341107726458254	30.0	30.0	30.0
32.44123499496123	29.0	29.0	29.0
32.541362263464194	29.0	29.0	29.0
32.64148953196716	30.0	30.0	30.0
32.741616800470126	30.0	30.0	30.0
32.84174406897309	30.0	30.0	30.0
32.94187133747606	30.0	30.0	30.0
33.041998605979025	29.0	29.0	29.0
33.14212587448199	30.0	30.0	30.0
33.24225314298496	28.0	28.0	28.0
33.34238041148792	28.0	28.0	28.0
33.44250767999089	29.0	29.0	29.0
33.542634948493856	29.0	29.0	29.0
33.64276221699683	29.0	29.0	29.0
33.742889485499795	28.0	28.0	28.0
33.84301675400276	28.0	28.0	28.0
33.94314402250573	29.0	29.0	29.0
34.04327129100869	30.0	30.0	30.0
34.14339855951166	30.0	30.0	30.0
34.243525828014626	30.0	30.0	30.0
34.34365309651759	30.0	30.0	30.0
34.44378036502056	30.0	30.0	30.0
34.543907633523524	32.0	32.0	32.0
34.64403490202649	33.0	33.0	33.0
34.74416217052946	32.0	32.0	32.0
34.84428943903243	32.0	32.0	32.0
34.944416707535396	32.0	32.0	32.0
35.04454397603836	33.0	33.0	33.0
35.14467124454133	33.0	33.0	33.0
35.244798513044294	35.0	35.0	35.0
35.34492578154726	34.0	34.0	34.0
35.44505305005023	34.0	34.0	34.0
35.54518031855319	34.0	34.0	34.0
35.64530758705616	35.0	35.0	35.0
35.745434855559125	35.0	35.0	35.0
35.84556212406209	35.0	35.0	35.0
35.94568939256506	35.0	35.0	35.0
36.04581666106803	36.0	36.0	36.0
36.145943929571	36.0	36.0	36.0
36.24607119807396	37.0	37.0	37.0
36.34619846657693	36.0	36.0	36.0
36.446325735079895	37.0	37.0	37.0
36.54645300358286	38.0	38.0	38.0
36.64658027208583	37.0	37.0	37.0
36.746707540588794	36.0	36.0	36.0
36.84683480909176	35.0	35.0	35.0
36.946962077594726	34.0	34.0	34.0
37.04708934609769	34.0	34.0	34.0
37.14721661460066	34.0	34.0	34.0
37.24734388310363	34.0	34.0	34.0
37.3474711516066	34.0	34.0	34.0
37.447598420109564	34.0	34.0	34.0
37.54772568861253	34.0	34.0	34.0
37.6478529571155	35.0	35.0	35.0
37.74798022561846	37.0	37.0	37.0
37.84810749412143	36.0	36.0	36.0
37.948234762624395	36.0	36.0	36.0
38.04836203112736	35.0	35.0	35.0
38.14848929963033	37.0	37.0	37.0
38.24861656813329	37.0	37.0	37.0
38.34874383663626	37.0	37.0	37.0
38.44887110513923	37.0	37.0	37.0
38.5489983736422	38.0	38.0	38.0
38.649125642145165	38.0	38.0	38.0
38.74925291064813	38.0	38.0	38.0
38.8493801791511	38.0	38.0	38.0
38.949507447654064	37.0	37.0	37.0
39.04963471615703	37.0	37.0	37.0
39.149761984659996	38.0	38.0	38.0
39.24988925316296	37.0	37.0	37.0
39.35001652166593	35.0	35.0	35.0
39.450143790168894	36.0	36.0	36.0
39.55027105867186	36.0	36.0	36.0
39.65039832717483	36.0	36.0	36.0
39.7505255956778	36.0	36.0	36.0
39.850652864180766	35.0	35.0	35.0
39.95078013268373	35.0	35.0	35.0
40.0509074011867	34.0	34.0	34.0
40.151034669689665	35.0	35.0	35.0
40.25116193819263	35.0	35.0	35.0
40.3512892066956	35.0	35.0	35.0
40.45141647519856	34.0	34.0	34.0
40.55154374370153	35.0	35.0	35.0
40.651671012204496	36.0	36.0	36.0
40.75179828070746	35.0	35.0	35.0
40.85192554921043	35.0	35.0	35.0
40.9520528177134	35.0	35.0	35.0
41.05218008621637	35.0	35.0	35.0
41.15230735471933	35.0	35.0	35.0
41.2524346232223	36.0	36.0	36.0
41.352561891725266	37.0	37.0	37.0
41.45268916022823	37.0	37.0	37.0
41.5528164287312	36.0	36.0	36.0
41.652943697234164	36.0	36.0	36.0
41.75307096573713	36.0	36.0	36.0
41.8531982342401	35.0	35.0	35.0
41.95332550274306	35.0	35.0	35.0
42.05345277124603	36.0	36.0	36.0
42.153580039749	36.0	36.0	36.0
42.25370730825197	36.0	36.0	36.0
42.353834576754934	37.0	37.0	37.0
42.4539618452579	38.0	38.0	38.0
42.55408911376087	40.0	40.0	40.0
42.65421638226383	40.0	40.0	40.0
42.7543436507668	40.0	40.0	40.0
42.854470919269765	39.0	39.0	39.0
42.95459818777273	38.0	38.0	38.0
43.0547254562757	38.0	38.0	38.0
43.154852724778664	39.0	39.0	39.0
43.25497999328163	39.0	39.0	39.0
43.3551072617846	38.0	38.0	38.0
43.45523453028757	37.0	37.0	37.0
43.555361798790535	37.0	37.0	37.0
43.6554890672935	38.0	38.0	38.0
43.75561633579647	39.0	39.0	39.0
43.855743604299434	40.0	40.0	40.0
43.9558708728024	39.0	39.0	39.0
44.055998141305366	39.0	39.0	39.0
44.15612540980833	39.0	39.0	39.0
44.2562526783113	37.0	37.0	37.0
44.356379946814265	37.0	37.0	37.0
44.45650721531723	37.0	37.0	37.0
44.556634483820204	37.0	37.0	37.0
44.65676175232317	36.0	36.0	36.0
44.75688902082614	37.0	37.0	37.0
44.8570162893291	36.0	36.0	36.0
44.95714355783207	36.0	36.0	36.0
45.057270826335035	36.0	36.0	36.0
45.157398094838	36.0	36.0	36.0
45.25752536334097	35.0	35.0	35.0
45.35765263184393	35.0	35.0	35.0
45.4577799003469	34.0	34.0	34.0
45.557907168849866	33.0	33.0	33.0
45.65803443735283	33.0	33.0	33.0
45.7581617058558	34.0	34.0	34.0
45.85828897435877	34.0	34.0	34.0
45.95841624286174	34.0	34.0	34.0
46.058543511364704	35.0	35.0	35.0
46.15867077986767	35.0	35.0	35.0
46.258798048370636	35.0	35.0	35.0
46.3589253168736	36.0	36.0	36.0
46.45905258537657	36.0	36.0	36.0
46.559179853879535	36.0	36.0	36.0
46.6593071223825	36.0	36.0	36.0
46.75943439088547	37.0	37.0	37.0
46.85956165938843	37.0	37.0	37.0
46.9596889278914	37.0	37.0	37.0
47.05981619639437	37.0	37.0	37.0
47.15994346489734	37.0	37.0	37.0
47.260070733400305	37.0	37.0	37.0
47.36019800190327	37.0	37.0	37.0
47.46032527040624	37.0	37.0	37.0
47.5604525389092	37.0	37.0	37.0
47.66057980741217	36.0	36.0	36.0
47.760707075915136	34.0	34.0	34.0
47.8608343444181	34.0	34.0	34.0
47.96096161292107	33.0	33.0	33.0
48.061088881424034	34.0	34.0	34.0
48.161216149927	33.0	33.0	33.0
48.26134341842997	33.0	33.0	33.0
48.36147068693294	33.0	33.0	33.0
48.461597955435906	31.0	31.0	31.0
48.56172522393887	31.0	31.0	31.0
48.66185249244184	31.0	31.0	31.0
48.761979760944804	31.0	31.0	31.0
48.86210702944777	31.0	31.0	31.0
48.96223429795074	30.0	30.0	30.0
49.0623615664537	30.0	30.0	30.0
49.16248883495667	30.0	30.0	30.0
49.262616103459635	30.0	30.0	30.0
49.3627433719626	30.0	30.0	30.0
49.462870640465574	30.0	30.0	30.0
49.56299790896854	30.0	30.0	30.0
49.66312517747151	31.0	31.0	31.0
49.76325244597447	30.0	30.0	30.0
49.86337971447744	30.0	30.0	30.0
49.963506982980405	30.0	30.0	30.0
50.06363425148337	29.0	29.0	29.0
50.16376151998634	29.0	29.0	29.0
50.263888788489304	28.0	28.0	28.0
50.36401605699227	28.0	28.0	28.0
50.464143325495236	28.0	28.0	28.0
50.5642705939982	28.0	28.0	28.0
50.664397862501175	28.0	28.0	28.0
50.76452513100414	28.0	28.0	28.0
50.86465239950711	28.0	28.0	28.0
50.964779668010074	28.0	28.0	28.0
51.06490693651304	28.0	28.0	28.0
51.165034205016006	29.0	29.0	29.0
51.26516147351897	28.0	28.0	28.0
51.36528874202194	28.0	28.0	28.0
51.465416010524905	28.0	28.0	28.0
51.56554327902787	27.0	27.0	27.0
51.66567054753084	26.0	26.0	26.0
51.7657978160338	26.0	26.0	26.0
51.86592508453677	26.0	26.0	26.0
51.96605235303974	26.0	26.0	26.0
52.06617962154271	25.0	25.0	25.0
52.166306890045675	25.0	25.0	25.0
52.26643415854864	25.0	25.0	25.0
52.36656142705161	25.0	25.0	25.0
52.46668869555457	25.0	25.0	25.0
52.56681596405754	25.0	25.0	25.0
52.666943232560506	25.0	25.0	25.0
52.76707050106347	25.0	25.0	25.0
52.86719776956644	25.0	25.0	25.0
52.967325038069404	24.0	24.0	24.0
53.06745230657237	24.0	24.0	24.0
53.167579575075344	24.0	24.0	24.0
53.26770684357831	24.0	24.0	24.0
53.367834112081276	24.0	24.0	24.0
53.46796138058424	24.0	24.0	24.0
53.56808864908721	25.0	25.0	25.0
53.668215917590175	25.0	25.0	25.0
53.76834318609314	26.0	26.0	26.0
53.86847045459611	27.0	27.0	27.0
53.96859772309907	27.0	27.0	27.0
54.06872499160204	28.0	28.0	28.0
54.168852260105005	28.0	28.0	28.0
54.26897952860797	28.0	28.0	28.0
54.369106797110945	27.0	27.0	27.0
54.46923406561391	28.0	28.0	28.0
54.56936133411688	29.0	29.0	29.0
54.66948860261984	29.0	29.0	29.0
54.76961587112281	29.0	29.0	29.0
54.869743139625776	29.0	29.0	29.0
54.96987040812874	29.0	29.0	29.0
55.06999767663171	29.0	29.0	29.0
55.170124945134674	29.0	29.0	29.0
55.27025221363764	29.0	29.0	29.0
55.370379482140606	29.0	29.0	29.0
55.47050675064357	29.0	29.0	29.0
55.570634019146546	29.0	29.0	29.0
55.67076128764951	29.0	29.0	29.0
55.77088855615248	28.0	28.0	28.0
55.871015824655444	29.0	29.0	29.0
55.97114309315841	30.0	30.0	30.0
56.07127036166138	29.0	29.0	29.0
56.17139763016434	28.0	28.0	28.0
56.27152489866731	28.0	28.0	28.0
56.371652167170275	27.0	27.0	27.0
56.47177943567324	27.0	27.0	27.0
56.57190670417621	27.0	27.0	27.0
56.67203397267917	25.0	25.0	25.0
56.77216124118215	25.0	25.0	25.0
56.87228850968511	24.0	24.0	24.0
56.97241577818808	24.0	24.0	24.0
57.072543046691045	24.0	24.0	24.0
57.17267031519401	25.0	25.0	25.0
57.27279758369698	25.0	25.0	25.0
57.372924852199944	26.0	26.0	26.0
57.47305212070291	25.0	25.0	25.0
57.573179389205876	23.0	23.0	23.0
57.67330665770884	23.0	23.0	23.0
57.77343392621181	23.0	23.0	23.0
57.873561194714775	23.0	23.0	23.0
57.97368846321774	23.0	23.0	23.0
58.073815731720714	23.0	23.0	23.0
58.17394300022368	23.0	23.0	23.0
58.274070268726646	23.0	23.0	23.0
58.37419753722961	23.0	23.0	23.0
58.47432480573258	22.0	22.0	22.0
58.574452074235545	22.0	22.0	22.0
58.67457934273851	21.0	21.0	21.0
58.77470661124148	21.0	21.0	21.0
58.87483387974444	20.0	20.0	20.0
58.97496114824741	20.0	20.0	20.0
59.075088416750376	19.0	19.0	19.0
59.17521568525334	19.0	19.0	19.0
59.275342953756315	19.0	19.0	19.0
59.37547022225928	19.0	19.0	19.0
59.47559749076225	19.0	19.0	19.0
59.57572475926521	19.0	19.0	19.0
59.67585202776818	19.0	19.0	19.0
59.775979296271146	19.0	19.0	19.0
59.87610656477411	19.0	19.0	19.0
59.97623383327708	19.0	19.0	19.0
60.076361101780044	18.0	18.0	18.0
60.17648837028301	18.0	18.0	18.0
60.27661563878598	16.0	16.0	16.0
60.37674290728894	16.0	16.0	16.0
60.476870175791916	16.0	16.0	16.0
60.57699744429488	16.0	16.0	16.0
60.67712471279785	16.0	16.0	16.0
60.777251981300815	16.0	16.0	16.0
60.87737924980378	16.0	16.0	16.0
60.97750651830675	17.0	17.0	17.0
61.07763378680971	17.0	17.0	17.0
61.17776105531268	17.0	17.0	17.0
61.277888323815645	17.0	17.0	17.0
61.37801559231861	19.0	19.0	19.0
61.47814286082158	19.0	19.0	19.0
61.578270129324544	18.0	18.0	18.0
61.67839739782752	18.0	18.0	18.0
61.77852466633048	18.0	18.0	18.0
61.87865193483345	19.0	19.0	19.0
61.978779203336416	18.0	18.0	18.0
62.07890647183938	17.0	17.0	17.0
62.17903374034235	17.0	17.0	17.0
62.279161008845314	15.0	15.0	15.0
62.37928827734828	15.0	15.0	15.0
62.479415545851246	15.0	15.0	15.0
62.57954281435421	15.0	15.0	15.0
62.67967008285718	15.0	15.0	15.0
62.779797351360145	15.0	15.0	15.0
62.87992461986312	16.0	16.0	16.0
62.980051888366084	16.0	16.0	16.0
63.08017915686905	16.0	16.0	16.0
63.18030642537202	16.0	16.0	16.0
63.28043369387498	16.0	16.0	16.0
63.38056096237795	16.0	16.0	16.0
63.480688230880915	15.0	15.0	15.0
63.58081549938388	15.0	15.0	15.0
63.68094276788685	15.0	15.0	15.0
63.78107003638981	15.0	15.0	15.0
63.88119730489278	14.0	14.0	14.0
63.981324573395746	14.0	14.0	14.0
64.08145184189871	14.0	14.0	14.0
64.18157911040169	14.0	14.0	14.0
64.28170637890464	14.0	14.0	14.0
64.38183364740762	13.0	13.0	13.0
64.48196091591058	13.0	13.0	13.0
64.58208818441355	12.0	12.0	12.0
64.68221545291651	12.0	12.0	12.0
64.78234272141948	11.0	11.0	11.0
64.88246998992246	11.0	11.0	11.0
64.98259725842541	11.0	11.0	11.0
65.08272452692839	11.0	11.0	11.0
65.18285179543135	11.0	11.0	11.0
65.28297906393432	11.0	11.0	11.0
65.38310633243728	11.0	11.0	11.0
65.48323360094025	10.0	10.0	10.0
65.58336086944321	9.0	9.0	9.0
65.68348813794618	8.0	8.0	8.0
65.78361540644914	8.0	8.0	8.0
65.88374267495212	8.0	8.0	8.0
65.98386994345509	7.0	7.0	7.0
66.08399721195805	8.0	8.0	8.0
66.18412448046102	8.0	8.0	8.0
66.28425174896398	8.0	8.0	8.0
66.38437901746696	8.0	8.0	8.0
66.48450628596991	8.0	8.0	8.0
66.58463355447289	8.0	8.0	8.0
66.68476082297585	9.0	9.0	9.0
66.78488809147882	8.0	8.0	8.0
66.88501535998178	8.0	8.0	8.0
66.98514262848475	8.0	8.0	8.0
67.08526989698771	8.0	8.0	8.0
67.18539716549068	9.0	9.0	9.0
67.28552443399366	8.0	8.0	8.0
67.38565170249662	8.0	8.0	8.0
67.48577897099959	8.0	8.0	8.0
67.58590623950255	8.0	8.0	8.0
67.68603350800552	7.0	7.0	7.0
67.78616077650848	7.0	7.0	7.0
67.88628804501145	8.0	8.0	8.0
67.98641531351441	7.0	7.0	7.0
68.08654258201739	8.0	8.0	8.0
68.18666985052035	7.0	7.0	7.0
68.28679711902332	7.0	7.0	7.0
68.38692438752629	7.0	7.0	7.0
68.48705165602925	8.0	8.0	8.0
68.58717892453222	8.0	8.0	8.0
68.68730619303518	8.0	8.0	8.0
68.78743346153816	8.0	8.0	8.0
68.88756073004112	8.0	8.0	8.0
68.98768799854409	7.0	7.0	7.0
69.08781526704705	7.0	7.0	7.0
69.18794253555002	7.0	7.0	7.0
69.28806980405298	7.0	7.0	7.0
69.38819707255595	8.0	8.0	8.0
69.48832434105891	7.0	7.0	7.0
69.58845160956189	7.0	7.0	7.0
69.68857887806486	6.0	6.0	6.0
69.78870614656782	6.0	6.0	6.0
69.88883341507079	7.0	7.0	7.0
69.98896068357375	7.0	7.0	7.0
70.08908795207672	7.0	7.0	7.0
70.18921522057968	7.0	7.0	7.0
70.28934248908266	7.0	7.0	7.0
70.38946975758562	6.0	6.0	6.0
70.48959702608859	6.0	6.0	6.0
70.58972429459155	6.0	6.0	6.0
70.68985156309452	6.0	6.0	6.0
70.78997883159748	6.0	6.0	6.0
70.89010610010045	6.0	6.0	6.0
70.99023336860343	5.0	5.0	5.0
71.09036063710639	5.0	5.0	5.0
71.19048790560936	4.0	4.0	4.0
71.29061517411232	4.0	4.0	4.0
71.39074244261529	4.0	4.0	4.0
71.49086971111825	4.0	4.0	4.0
71.59099697962122	4.0	4.0	4.0
71.69112424812418	4.0	4.0	4.0
71.79125151662716	4.0	4.0	4.0
71.89137878513012	5.0	5.0	5.0
71.99150605363309	5.0	5.0	5.0
72.09163332213606	5.0	5.0	5.0
72.19176059063902	5.0	5.0	5.0
72.291887859142	6.0	6.0	6.0
72.39201512764495	6.0	6.0	6.0
72.49214239614793	6.0	6.0	6.0
72.59226966465089	6.0	6.0	6.0
72.69239693315386	7.0	7.0	7.0
72.79252420165682	7.0	7.0	7.0
72.89265147015979	7.0	7.0	7.0
72.99277873866275	7.0	7.0	7.0
73.09290600716572	7.0	7.0	7.0
73.19303327566868	7.0	7.0	7.0
73.29316054417166	8.0	8.0	8.0
73.39328781267463	8.0	8.0	8.0
73.49341508117759	7.0	7.0	7.0
73.59354234968056	7.0	7.0	7.0
73.69366961818352	7.0	7.0	7.0
73.7937968866865	6.0	6.0	6.0
73.89392415518945	6.0	6.0	6.0
73.99405142369243	6.0	6.0	6.0
74.09417869219538	6.0	6.0	6.0
74.19430596069836	6.0	6.0	6.0
74.29443322920132	6.0	6.0	6.0
74.39456049770429	6.0	6.0	6.0
74.49468776620726	8.0	8.0	8.0
74.59481503471022	8.0	8.0	8.0
74.6949423032132	8.0	8.0	8.0
74.79506957171616	7.0	7.0	7.0
74.89519684021913	7.0	7.0	7.0
74.99532410872209	7.0	7.0	7.0
75.09545137722506	7.0	7.0	7.0
75.19557864572802	7.0	7.0	7.0
75.295705914231	8.0	8.0	8.0
75.39583318273395	8.0	8.0	8.0
75.49596045123693	7.0	7.0	7.0
75.59608771973988	7.0	7.0	7.0
75.69621498824286	7.0	7.0	7.0
75.79634225674583	7.0	7.0	7.0
75.89646952524879	7.0	7.0	7.0
75.99659679375176	7.0	7.0	7.0
76.09672406225472	8.0	8.0	8.0
76.1968513307577	8.0	8.0	8.0
76.29697859926065	8.0	8.0	8.0
76.39710586776363	8.0	8.0	8.0
76.49723313626659	8.0	8.0	8.0
76.59736040476956	8.0	8.0	8.0
76.69748767327252	8.0	8.0	8.0
76.79761494177549	8.0	8.0	8.0
76.89774221027847	8.0	8.0	8.0
76.99786947878142	8.0	8.0	8.0
77.0979967472844	7.0	7.0	7.0
77.19812401578736	7.0	7.0	7.0
77.29825128429033	7.0	7.0	7.0
77.39837855279329	7.0	7.0	7.0
77.49850582129626	7.0	7.0	7.0
77.59863308979922	7.0	7.0	7.0
77.6987603583022	7.0	7.0	7.0
77.79888762680515	7.0	7.0	7.0
77.89901489530813	8.0	8.0	8.0
77.99914216381109	8.0	8.0	8.0
78.09926943231406	8.0	8.0	8.0
78.19939670081703	8.0	8.0	8.0
78.29952396931999	8.0	8.0	8.0
78.39965123782297	8.0	8.0	8.0
78.49977850632592	8.0	8.0	8.0
78.5999057748289	7.0	7.0	7.0
78.70003304333186	7.0	7.0	7.0
78.80016031183483	7.0	7.0	7.0
78.90028758033779	7.0	7.0	7.0
79.00041484884076	7.0	7.0	7.0
79.10054211734372	7.0	7.0	7.0
79.2006693858467	7.0	7.0	7.0
79.30079665434965	7.0	7.0	7.0
79.40092392285263	7.0	7.0	7.0
79.5010511913556	8.0	8.0	8.0
79.60117845985856	8.0	8.0	8.0
79.70130572836153	8.0	8.0	8.0
79.80143299686449	8.0	8.0	8.0
79.90156026536746	8.0	8.0	8.0
80.00168753387042	8.0	8.0	8.0
80.1018148023734	8.0	8.0	8.0
80.20194207087636	8.0	8.0	8.0
80.30206933937933	8.0	8.0	8.0
80.40219660788229	8.0	8.0	8.0
80.50232387638526	8.0	8.0	8.0
80.60245114488824	7.0	7.0	7.0
80.7025784133912	7.0	7.0	7.0
80.80270568189417	8.0	8.0	8.0
80.90283295039713	9.0	9.0	9.0
81.0029602189001	9.0	9.0	9.0
81.10308748740306	9.0	9.0	9.0
81.20321475590603	9.0	9.0	9.0
81.30334202440899	9.0	9.0	9.0
81.40346929291196	9.0	9.0	9.0
81.50359656141492	8.0	8.0	8.0
81.6037238299179	8.0	8.0	8.0
81.70385109842086	8.0	8.0	8.0
81.80397836692383	8.0	8.0	8.0
81.9041056354268	6.0	6.0	6.0
82.00423290392976	6.0	6.0	6.0
82.10436017243273	5.0	5.0	5.0
82.2044874409357	5.0	5.0	5.0
82.30461470943867	5.0	5.0	5.0
82.40474197794163	5.0	5.0	5.0
82.5048692464446	4.0	4.0	4.0
82.60499651494756	4.0	4.0	4.0
82.70512378345053	4.0	4.0	4.0
82.80525105195349	4.0	4.0	4.0
82.90537832045646	4.0	4.0	4.0
83.00550558895944	4.0	4.0	4.0
83.1056328574624	4.0	4.0	4.0
83.20576012596537	4.0	4.0	4.0
83.30588739446833	4.0	4.0	4.0
83.4060146629713	4.0	4.0	4.0
83.50614193147426	4.0	4.0	4.0
83.60626919997723	4.0	4.0	4.0
83.7063964684802	4.0	4.0	4.0
83.80652373698317	5.0	5.0	5.0
83.90665100548613	5.0	5.0	5.0
84.0067782739891	4.0	4.0	4.0
84.10690554249206	4.0	4.0	4.0
84.20703281099503	3.0	3.0	3.0
84.307160079498	3.0	3.0	3.0
84.40728734800096	3.0	3.0	3.0
84.50741461650394	3.0	3.0	3.0
84.6075418850069	3.0	3.0	3.0
84.70766915350987	3.0	3.0	3.0
84.80779642201283	3.0	3.0	3.0
84.9079236905158	3.0	3.0	3.0
85.00805095901876	3.0	3.0	3.0
85.10817822752173	3.0	3.0	3.0
85.20830549602469	3.0	3.0	3.0
85.30843276452767	3.0	3.0	3.0
85.40856003303062	3.0	3.0	3.0
85.5086873015336	3.0	3.0	3.0
85.60881457003657	3.0	3.0	3.0
85.70894183853953	3.0	3.0	3.0
85.8090691070425	2.0	2.0	2.0
85.90919637554546	2.0	2.0	2.0
86.00932364404844	2.0	2.0	2.0
86.1094509125514	2.0	2.0	2.0
86.20957818105437	1.0	1.0	1.0
86.30970544955733	0.0	0.0	0.0
86.4098327180603	0.0	0.0	0.0
86.50995998656326	0.0	0.0	0.0
86.61008725506623	0.0	0.0	0.0
86.7102145235692	0.0	0.0	0.0
86.81034179207217	0.0	0.0	0.0
86.91046906057514	0.0	0.0	0.0
87.0105963290781	0.0	0.0	0.0
87.11072359758107	0.0	0.0	0.0
87.21085086608403	0.0	0.0	0.0
87.310978134587	1.0	1.0	1.0
87.41110540308996	2.0	2.0	2.0
87.51123267159294	2.0	2.0	2.0
87.6113599400959	2.0	2.0	2.0
87.71148720859887	2.0	2.0	2.0
87.81161447710183	2.0	2.0	2.0
87.9117417456048	2.0	2.0	2.0
88.01186901410777	2.0	2.0	2.0
88.11199628261073	2.0	2.0	2.0
88.2121235511137	2.0	2.0	2.0
88.31225081961666	2.0	2.0	2.0
88.41237808811964	1.0	1.0	1.0
88.5125053566226	1.0	1.0	1.0
88.61263262512557	1.0	1.0	1.0
88.71275989362853	1.0	1.0	1.0
88.8128871621315	1.0	1.0	1.0
88.91301443063446	1.0	1.0	1.0
89.01314169913744	1.0	1.0	1.0
89.11326896764041	1.0	1.0	1.0
89.21339623614337	1.0	1.0	1.0
89.31352350464634	1.0	1.0	1.0
89.4136507731493	1.0	1.0	1.0
89.51377804165227	1.0	1.0	1.0
89.61390531015523	1.0	1.0	1.0
89.7140325786582	1.0	1.0	1.0
89.81415984716116	1.0	1.0	1.0
89.91428711566414	1.0	1.0	1.0
90.0144143841671	1.0	1.0	1.0
90.11454165267007	1.0	1.0	1.0
90.21466892117303	1.0	1.0	1.0
90.314796189676	1.0	1.0	1.0
90.41492345817898	1.0	1.0	1.0
90.51505072668193	1.0	1.0	1.0
90.61517799518491	1.0	1.0	1.0
90.71530526368787	1.0	1.0	1.0
90.81543253219084	1.0	1.0	1.0
90.9155598006938	2.0	2.0	2.0
91.01568706919677	2.0	2.0	2.0
91.11581433769973	2.0	2.0	2.0
91.2159416062027	2.0	2.0	2.0
91.31606887470566	2.0	2.0	2.0
91.41619614320864	3.0	3.0	3.0
91.5163234117116	3.0	3.0	3.0
91.61645068021457	4.0	4.0	4.0
91.71657794871754	4.0	4.0	4.0
91.8167052172205	4.0	4.0	4.0
91.91683248572348	4.0	4.0	4.0
92.01695975422643	3.0	3.0	3.0
92.11708702272941	3.0	3.0	3.0
92.21721429123237	3.0	3.0	3.0
92.31734155973534	3.0	3.0	3.0
92.4174688282383	3.0	3.0	3.0
92.51759609674127	3.0	3.0	3.0
92.61772336524423	2.0	2.0	2.0
92.7178506337472	3.0	3.0	3.0
92.81797790225018	3.0	3.0	3.0
92.91810517075314	3.0	3.0	3.0
93.01823243925611	3.0	3.0	3.0
93.11835970775907	3.0	3.0	3.0
93.21848697626204	3.0	3.0	3.0
93.318614244765	3.0	3.0	3.0
93.41874151326797	3.0	3.0	3.0
93.51886878177093	3.0	3.0	3.0
93.6189960502739	3.0	3.0	3.0
93.71912331877687	3.0	3.0	3.0
93.81925058727984	2.0	2.0	2.0
93.9193778557828	2.0	2.0	2.0
94.01950512428577	2.0	2.0	2.0
94.11963239278874	2.0	2.0	2.0
94.2197596612917	2.0	2.0	2.0
94.31988692979468	2.0	2.0	2.0
94.42001419829764	2.0	2.0	2.0
94.52014146680061	2.0	2.0	2.0
94.62026873530357	2.0	2.0	2.0
94.72039600380654	2.0	2.0	2.0
94.8205232723095	2.0	2.0	2.0
94.92065054081247	2.0	2.0	2.0
95.02077780931543	2.0	2.0	2.0
95.1209050778184	3.0	3.0	3.0
95.22103234632138	3.0	3.0	3.0
95.32115961482434	3.0	3.0	3.0
95.42128688332731	3.0	3.0	3.0
95.52141415183027	2.0	2.0	2.0
95.62154142033324	2.0	2.0	2.0
95.7216686888362	2.0	2.0	2.0
95.82179595733918	2.0	2.0	2.0
95.92192322584214	2.0	2.0	2.0
96.02205049434511	2.0	2.0	2.0
96.12217776284807	2.0	2.0	2.0
96.22230503135104	2.0	2.0	2.0
96.322432299854	2.0	2.0	2.0
96.42255956835697	2.0	2.0	2.0
96.52268683685995	2.0	2.0	2.0
96.6228141053629	2.0	2.0	2.0
96.72294137386588	2.0	2.0	2.0
96.82306864236884	2.0	2.0	2.0
96.92319591087181	2.0	2.0	2.0
97.02332317937477	2.0	2.0	2.0
97.12345044787774	2.0	2.0	2.0
97.2235777163807	2.0	2.0	2.0
97.32370498488368	2.0	2.0	2.0
97.42383225338664	2.0	2.0	2.0
97.52395952188961	2.0	2.0	2.0
97.62408679039257	2.0	2.0	2.0
97.72421405889554	2.0	2.0	2.0
97.82434132739851	2.0	2.0	2.0
97.92446859590147	2.0	2.0	2.0
98.02459586440445	2.0	2.0	2.0
98.1247231329074	2.0	2.0	2.0
98.22485040141038	1.0	1.0	1.0
98.32497766991334	1.0	1.0	1.0
98.42510493841631	1.0	1.0	1.0
98.52523220691927	1.0	1.0	1.0
98.62535947542224	1.0	1.0	1.0
98.7254867439252	1.0	1.0	1.0
98.82561401242818	2.0	2.0	2.0
98.92574128093115	2.0	2.0	2.0
99.02586854943411	2.0	2.0	2.0
99.12599581793708	2.0	2.0	2.0
99.22612308644004	2.0	2.0	2.0
99.32625035494301	2.0	2.0	2.0
99.42637762344597	2.0	2.0	2.0
99.52650489194895	2.0	2.0	2.0
99.6266321604519	2.0	2.0	2.0
99.72675942895488	2.0	2.0	2.0
99.82688669745784	2.0	2.0	2.0
99.92701396596081	1.0	1.0	1.0
100.02714123446377	1.0	1.0	1.0
100.12726850296674	1.0	1.0	1.0
100.22739577146972	1.0	1.0	1.0
100.32752303997268	1.0	1.0	1.0
100.42765030847565	1.0	1.0	1.0
100.52777757697861	1.0	1.0	1.0
100.62790484548158	1.0	1.0	1.0
100.72803211398454	1.0	1.0	1.0
100.82815938248751	1.0	1.0	1.0
100.92828665099047	1.0	1.0	1.0
101.02841391949345	1.0	1.0	1.0
101.1285411879964	1.0	1.0	1.0
101.22866845649938	1.0	1.0	1.0
101.32879572500235	1.0	1.0	1.0
101.42892299350531	1.0	1.0	1.0
101.52905026200828	1.0	1.0	1.0
101.62917753051124	0.0	0.0	0.0
101.72930479901422	0.0	0.0	0.0
101.82943206751717	0.0	0.0	0.0
101.92955933602015	0.0	0.0	0.0
102.0296866045231	0.0	0.0	0.0
102.12981387302608	0.0	0.0	0.0
102.22994114152904	0.0	0.0	0.0
102.33006841003201	0.0	0.0	0.0
102.43019567853497	0.0	0.0	0.0
102.53032294703794	0.0	0.0	0.0
102.63045021554092	0.0	0.0	0.0
102.73057748404388	0.0	0.0	0.0
102.83070475254685	0.0	0.0	0.0
102.93083202104981	0.0	0.0	0.0
103.03095928955278	0.0	0.0	0.0
103.13108655805574	0.0	0.0	0.0
103.23121382655872	0.0	0.0	0.0
103.33134109506167	0.0	0.0	0.0
103.43146836356465	0.0	0.0	0.0
103.5315956320676	0.0	0.0	0.0
103.63172290057058	0.0	0.0	0.0
103.73185016907354	0.0	0.0	0.0
103.83197743757651	0.0	0.0	0.0
103.93210470607949	0.0	0.0	0.0
104.03223197458244	0.0	0.0	0.0
104.13235924308542	0.0	0.0	0.0
104.23248651158838	0.0	0.0	0.0
104.33261378009135	0.0	0.0	0.0
104.43274104859431	0.0	0.0	0.0
104.53286831709728	0.0	0.0	0.0
104.63299558560024	0.0	0.0	0.0
104.73312285410321	0.0	0.0	0.0
104.83325012260617	0.0	0.0	0.0
104.93337739110915	0.0	0.0	0.0
105.03350465961212	0.0	0.0	0.0
105.13363192811508	0.0	0.0	0.0
105.23375919661805	0.0	0.0	0.0
105.33388646512101	0.0	0.0	0.0
105.43401373362398	0.0	0.0	0.0
105.53414100212694	0.0	0.0	0.0
105.63426827062992	0.0	0.0	0.0
105.73439553913288	0.0	0.0	0.0
105.83452280763585	0.0	0.0	0.0
105.93465007613881	0.0	0.0	0.0
106.03477734464178	0.0	0.0	0.0
106.13490461314474	0.0	0.0	0.0
106.23503188164771	0.0	0.0	0.0
106.33515915015069	0.0	0.0	0.0
106.43528641865365	0.0	0.0	0.0
106.53541368715662	0.0	0.0	0.0
106.63554095565958	0.0	0.0	0.0
106.73566822416255	0.0	0.0	0.0
106.83579549266551	0.0	0.0	0.0
106.93592276116848	0.0	0.0	0.0
107.03605002967144	0.0	0.0	0.0
107.13617729817442	0.0	0.0	0.0
107.23630456667738	0.0	0.0	0.0
107.33643183518035	0.0	0.0	0.0
107.43655910368332	0.0	0.0	0.0
107.53668637218628	0.0	0.0	0.0
107.63681364068925	0.0	0.0	0.0
107.73694090919221	0.0	0.0	0.0
107.83706817769519	0.0	0.0	0.0
107.93719544619815	0.0	0.0	0.0
108.03732271470112	0.0	0.0	0.0
108.13744998320408	0.0	0.0	0.0
108.23757725170705	0.0	0.0	0.0
108.33770452021001	0.0	0.0	0.0
108.43783178871298	0.0	0.0	0.0
108.53795905721594	0.0	0.0	0.0
108.63808632571892	0.0	0.0	0.0
108.73821359422189	0.0	0.0	0.0
108.83834086272485	0.0	0.0	0.0
108.93846813122782	0.0	0.0	0.0
109.03859539973078	0.0	0.0	0.0
109.13872266823375	0.0	0.0	0.0
109.23884993673671	0.0	0.0	0.0
109.33897720523969	1.0	1.0	1.0
109.43910447374265	0.0	0.0	0.0
109.53923174224562	0.0	0.0	0.0
109.63935901074858	0.0	0.0	0.0
109.73948627925155	0.0	0.0	0.0
109.83961354775451	0.0	0.0	0.0
109.93974081625748	0.0	0.0	0.0
110.03986808476046	0.0	0.0	0.0
110.13999535326342	0.0	0.0	0.0
110.24012262176639	0.0	0.0	0.0
110.34024989026935	0.0	0.0	0.0
110.44037715877232	0.0	0.0	0.0
110.54050442727528	0.0	0.0	0.0
110.64063169577825	0.0	0.0	0.0
110.74075896428121	0.0	0.0	0.0
110.84088623278419	0.0	0.0	0.0
110.94101350128715	0.0	0.0	0.0
111.04114076979012	0.0	0.0	0.0
111.14126803829309	0.0	0.0	0.0
111.24139530679605	0.0	0.0	0.0
111.34152257529902	0.0	0.0	0.0
111.44164984380198	0.0	0.0	0.0
111.54177711230496	0.0	0.0	0.0
111.64190438080792	0.0	0.0	0.0
111.74203164931089	1.0	1.0	1.0
111.84215891781385	0.0	0.0	0.0
111.94228618631682	0.0	0.0	0.0
112.04241345481978	0.0	0.0	0.0
112.14254072332275	0.0	0.0	0.0
112.24266799182571	0.0	0.0	0.0
112.34279526032869	0.0	0.0	0.0
112.44292252883166	0.0	0.0	0.0
112.54304979733462	0.0	0.0	0.0
112.64317706583759	0.0	0.0	0.0
112.74330433434055	0.0	0.0	0.0
112.84343160284352	0.0	0.0	0.0
112.94355887134648	0.0	0.0	0.0
113.04368613984946	0.0	0.0	0.0
113.14381340835241	0.0	0.0	0.0
113.24394067685539	0.0	0.0	0.0
113.34406794535835	0.0	0.0	0.0
113.44419521386132	0.0	0.0	0.0
113.5443224823643	0.0	0.0	0.0
113.64444975086725	0.0	0.0	0.0
113.74457701937023	0.0	0.0	0.0
113.84470428787318	0.0	0.0	0.0
113.94483155637616	0.0	0.0	0.0
114.04495882487912	0.0	0.0	0.0
114.14508609338209	0.0	0.0	0.0
114.24521336188505	0.0	0.0	0.0
114.34534063038802	0.0	0.0	0.0
114.44546789889098	0.0	0.0	0.0
114.54559516739396	0.0	0.0	0.0
114.64572243589691	0.0	0.0	0.0
114.74584970439989	0.0	0.0	0.0
114.84597697290286	0.0	0.0	0.0
114.94610424140582	0.0	0.0	0.0
115.0462315099088	0.0	0.0	0.0
115.14635877841175	0.0	0.0	0.0
115.24648604691473	0.0	0.0	0.0
115.34661331541768	0.0	0.0	0.0
115.44674058392066	0.0	0.0	0.0
115.54686785242362	0.0	0.0	0.0
115.64699512092659	0.0	0.0	0.0
115.74712238942955	0.0	0.0	0.0
115.84724965793252	0.0	0.0	0.0
115.94737692643548	0.0	0.0	0.0
116.04750419493845	0.0	0.0	0.0
116.14763146344143	0.0	0.0	0.0
116.24775873194439	0.0	0.0	0.0
116.34788600044736	0.0	0.0	0.0
116.44801326895032	0.0	0.0	0.0
116.54814053745329	0.0	0.0	0.0
116.64826780595625	0.0	0.0	0.0
116.74839507445922	0.0	0.0	0.0
116.84852234296218	0.0	0.0	0.0
116.94864961146516	0.0	0.0	0.0
117.04877687996812	0.0	0.0	0.0
117.14890414847109	0.0	0.0	0.0
117.24903141697406	0.0	0.0	0.0
117.34915868547702	0.0	0.0	0.0
117.44928595398	0.0	0.0	0.0
117.54941322248295	0.0	0.0	0.0
117.64954049098593	0.0	0.0	0.0
117.74966775948889	0.0	0.0	0.0
117.84979502799186	0.0	0.0	0.0
117.94992229649482	0.0	0.0	0.0
118.05004956499779	0.0	0.0	0.0
118.15017683350075	0.0	0.0	0.0
118.25030410200372	0.0	0.0	0.0
118.35043137050668	0.0	0.0	0.0
118.45055863900966	0.0	0.0	0.0
118.55068590751263	0.0	0.0	0.0
118.65081317601559	0.0	0.0	0.0
118.75094044451856	0.0	0.0	0.0
118.85106771302152	0.0	0.0	0.0
118.9511949815245	0.0	0.0	0.0
119.05132225002745	0.0	0.0	0.0
119.15144951853043	0.0	0.0	0.0
119.25157678703339	0.0	0.0	0.0
119.35170405553636	0.0	0.0	0.0
119.45183132403932	0.0	0.0	0.0
119.55195859254229	0.0	0.0	0.0
119.65208586104526	0.0	0.0	0.0
119.75221312954822	0.0	0.0	0.0
119.8523403980512	0.0	0.0	0.0
119.95246766655416	0.0	0.0	0.0
120.05259493505713	0.0	0.0	0.0
120.15272220356009	0.0	0.0	0.0
120.25284947206306	0.0	0.0	0.0
120.35297674056602	0.0	0.0	0.0
120.453104009069	0.0	0.0	0.0
120.55323127757195	0.0	0.0	0.0
120.65335854607493	0.0	0.0	0.0
120.75348581457789	0.0	0.0	0.0
120.85361308308086	0.0	0.0	0.0
120.95374035158383	0.0	0.0	0.0
121.05386762008679	0.0	0.0	0.0
121.15399488858976	0.0	0.0	0.0
121.25412215709272	0.0	0.0	0.0
121.3542494255957	0.0	0.0	0.0
121.45437669409866	0.0	0.0	0.0
121.55450396260163	0.0	0.0	0.0
121.65463123110459	0.0	0.0	0.0
121.75475849960756	0.0	0.0	0.0
121.85488576811052	0.0	0.0	0.0
121.9550130366135	0.0	0.0	0.0
122.05514030511645	0.0	0.0	0.0
122.15526757361943	0.0	0.0	0.0
122.2553948421224	0.0	0.0	0.0
122.35552211062536	0.0	0.0	0.0
122.45564937912833	0.0	0.0	0.0
122.55577664763129	1.0	1.0	1.0
122.65590391613426	1.0	1.0	1.0
122.75603118463722	0.0	0.0	0.0
122.8561584531402	0.0	0.0	0.0
122.95628572164316	0.0	0.0	0.0
123.05641299014613	0.0	0.0	0.0
123.15654025864909	1.0	1.0	1.0
123.25666752715206	0.0	0.0	0.0
123.35679479565503	1.0	1.0	1.0
123.456922064158	1.0	1.0	1.0
123.55704933266097	0.0	0.0	0.0
123.65717660116393	0.0	0.0	0.0
123.7573038696669	0.0	0.0	0.0
123.85743113816986	0.0	0.0	0.0
123.95755840667283	0.0	0.0	0.0
124.05768567517579	0.0	0.0	0.0
124.15781294367876	0.0	0.0	0.0
124.25794021218172	0.0	0.0	0.0
124.3580674806847	0.0	0.0	0.0
124.45819474918765	0.0	0.0	0.0
124.55832201769063	0.0	0.0	0.0
124.6584492861936	0.0	0.0	0.0
124.75857655469656	0.0	0.0	0.0
124.85870382319953	0.0	0.0	0.0
124.95883109170249	0.0	0.0	0.0
125.05895836020547	0.0	0.0	0.0
125.15908562870843	0.0	0.0	0.0
125.2592128972114	0.0	0.0	0.0
125.35934016571436	0.0	0.0	0.0
125.45946743421733	0.0	0.0	0.0
125.55959470272029	0.0	0.0	0.0
125.65972197122326	0.0	0.0	0.0
125.75984923972624	0.0	0.0	0.0
125.8599765082292	0.0	0.0	0.0
125.96010377673217	0.0	0.0	0.0
126.06023104523513	0.0	0.0	0.0
126.1603583137381	0.0	0.0	0.0
126.26048558224106	0.0	0.0	0.0
126.36061285074403	0.0	0.0	0.0
126.46074011924699	0.0	0.0	0.0
126.56086738774997	0.0	0.0	0.0
126.66099465625292	0.0	0.0	0.0
126.7611219247559	0.0	0.0	0.0
126.86124919325886	0.0	0.0	0.0
126.96137646176183	0.0	0.0	0.0
127.0615037302648	0.0	0.0	0.0
127.16163099876776	0.0	0.0	0.0
127.26175826727074	0.0	0.0	0.0
127.3618855357737	0.0	0.0	0.0
127.46201280427667	0.0	0.0	0.0
127.56214007277963	0.0	0.0	0.0
127.6622673412826	0.0	0.0	0.0
127.76239460978556	0.0	0.0	0.0
127.86252187828853	0.0	0.0	0.0
127.96264914679149	0.0	0.0	0.0
128.06277641529445	0.0	0.0	0.0
128.16290368379742	0.0	0.0	0.0
128.2630309523004	0.0	0.0	0.0
128.36315822080337	0.0	0.0	0.0
128.46328548930634	0.0	0.0	0.0
128.5634127578093	0.0	0.0	0.0
128.66354002631226	0.0	0.0	0.0
128.76366729481524	0.0	0.0	0.0
128.8637945633182	0.0	0.0	0.0
128.96392183182115	0.0	0.0	0.0
129.06404910032413	0.0	0.0	0.0
129.1641763688271	0.0	0.0	0.0
129.26430363733007	0.0	0.0	0.0
129.36443090583302	0.0	0.0	0.0
129.464558174336	0.0	0.0	0.0
129.56468544283896	0.0	0.0	0.0
129.66481271134194	0.0	0.0	0.0
129.7649399798449	0.0	0.0	0.0
129.86506724834786	0.0	0.0	0.0
129.96519451685083	0.0	0.0	0.0
130.0653217853538	0.0	0.0	0.0
130.16544905385678	0.0	0.0	0.0
130.26557632235972	0.0	0.0	0.0
130.3657035908627	0.0	0.0	0.0
130.46583085936567	0.0	0.0	0.0
130.56595812786864	0.0	0.0	0.0
130.6660853963716	0.0	0.0	0.0
130.76621266487456	0.0	0.0	0.0
130.86633993337753	0.0	0.0	0.0
130.9664672018805	0.0	0.0	0.0
131.06659447038348	0.0	0.0	0.0
131.16672173888642	0.0	0.0	0.0
131.2668490073894	0.0	0.0	0.0
131.36697627589237	0.0	0.0	0.0
131.46710354439534	0.0	0.0	0.0
131.5672308128983	0.0	0.0	0.0
131.66735808140126	0.0	0.0	0.0
131.76748534990423	0.0	0.0	0.0
131.8676126184072	0.0	0.0	0.0
131.96773988691018	0.0	0.0	0.0
132.06786715541313	0.0	0.0	0.0
132.1679944239161	0.0	0.0	0.0
132.26812169241907	0.0	0.0	0.0
132.36824896092205	0.0	0.0	0.0
132.468376229425	0.0	0.0	0.0
132.56850349792796	0.0	0.0	0.0
132.66863076643094	0.0	0.0	0.0
132.7687580349339	0.0	0.0	0.0
132.86888530343685	0.0	0.0	0.0
132.96901257193983	0.0	0.0	0.0
133.0691398404428	0.0	0.0	0.0
133.16926710894577	0.0	0.0	0.0
133.26939437744875	0.0	0.0	0.0
133.3695216459517	0.0	0.0	0.0
133.46964891445467	0.0	0.0	0.0
133.56977618295764	0.0	0.0	0.0
133.6699034514606	0.0	0.0	0.0
133.77003071996356	0.0	0.0	0.0
133.87015798846653	0.0	0.0	0.0
133.9702852569695	0.0	0.0	0.0
134.07041252547248	0.0	0.0	0.0
134.17053979397542	0.0	0.0	0.0
134.2706670624784	0.0	0.0	0.0
134.37079433098137	0.0	0.0	0.0
134.47092159948434	0.0	0.0	0.0
134.57104886798732	0.0	0.0	0.0
134.67117613649026	0.0	0.0	0.0
134.77130340499323	0.0	0.0	0.0
134.8714306734962	0.0	0.0	0.0
134.97155794199918	0.0	0.0	0.0
135.07168521050212	0.0	0.0	0.0
135.1718124790051	0.0	0.0	0.0
135.27193974750807	0.0	0.0	0.0
135.37206701601104	0.0	0.0	0.0
135.472194284514	0.0	0.0	0.0
135.57232155301696	0.0	0.0	0.0
135.67244882151994	0.0	0.0	0.0
135.7725760900229	0.0	0.0	0.0
135.87270335852588	0.0	0.0	0.0
135.97283062702883	0.0	0.0	0.0
136.0729578955318	0.0	0.0	0.0
136.17308516403477	0.0	0.0	0.0
136.27321243253775	0.0	0.0	0.0
136.3733397010407	0.0	0.0	0.0
136.47346696954367	0.0	0.0	0.0
136.57359423804664	0.0	0.0	0.0
136.6737215065496	0.0	0.0	0.0
136.77384877505258	0.0	0.0	0.0
136.87397604355553	0.0	0.0	0.0
136.9741033120585	0.0	0.0	0.0
137.07423058056148	0.0	0.0	0.0
137.17435784906445	0.0	0.0	0.0
137.2744851175674	0.0	0.0	0.0
137.37461238607037	0.0	0.0	0.0
137.47473965457334	0.0	0.0	0.0
137.5748669230763	0.0	0.0	0.0
137.67499419157926	0.0	0.0	0.0
137.77512146008223	0.0	0.0	0.0
137.8752487285852	0.0	0.0	0.0
137.97537599708818	0.0	0.0	0.0
138.07550326559115	0.0	0.0	0.0
138.1756305340941	0.0	0.0	0.0
138.27575780259707	0.0	0.0	0.0
138.37588507110004	0.0	0.0	0.0
138.47601233960302	0.0	0.0	0.0
138.57613960810596	0.0	0.0	0.0
138.67626687660893	0.0	0.0	0.0
138.7763941451119	0.0	0.0	0.0
138.87652141361488	0.0	0.0	0.0
138.97664868211783	0.0	0.0	0.0
139.0767759506208	0.0	0.0	0.0
139.17690321912377	0.0	0.0	0.0
139.27703048762675	0.0	0.0	0.0
139.37715775612972	0.0	0.0	0.0
139.47728502463266	0.0	0.0	0.0
139.57741229313564	0.0	0.0	0.0
139.6775395616386	0.0	0.0	0.0
139.77766683014158	0.0	0.0	0.0
139.87779409864453	0.0	0.0	0.0
139.9779213671475	0.0	0.0	0.0
140.07804863565048	0.0	0.0	0.0
140.17817590415345	0.0	0.0	0.0
140.2783031726564	0.0	0.0	0.0
140.37843044115937	0.0	0.0	0.0
140.47855770966234	0.0	0.0	0.0
140.5786849781653	0.0	0.0	0.0
140.6788122466683	0.0	0.0	0.0
140.77893951517123	0.0	0.0	0.0
140.8790667836742	0.0	0.0	0.0
140.97919405217718	0.0	0.0	0.0
141.07932132068015	0.0	0.0	0.0
141.1794485891831	0.0	0.0	0.0
141.27957585768607	0.0	0.0	0.0
141.37970312618904	0.0	0.0	0.0
141.47983039469202	0.0	0.0	0.0
141.57995766319496	0.0	0.0	0.0
141.68008493169793	0.0	0.0	0.0
141.7802122002009	0.0	0.0	0.0
141.88033946870388	0.0	0.0	0.0
141.98046673720685	0.0	0.0	0.0
142.0805940057098	0.0	0.0	0.0
142.18072127421277	0.0	0.0	0.0
142.28084854271574	0.0	0.0	0.0
142.38097581121872	0.0	0.0	0.0
142.48110307972166	0.0	0.0	0.0
142.58123034822464	0.0	0.0	0.0
142.6813576167276	0.0	0.0	0.0
142.78148488523058	0.0	0.0	0.0
142.88161215373356	0.0	0.0	0.0
142.9817394222365	0.0	0.0	0.0
143.08186669073947	0.0	0.0	0.0
143.18199395924245	0.0	0.0	0.0
143.28212122774542	0.0	0.0	0.0
143.38224849624837	0.0	0.0	0.0
143.48237576475134	0.0	0.0	0.0
143.5825030332543	0.0	0.0	0.0
143.68263030175729	0.0	0.0	0.0
143.78275757026023	0.0	0.0	0.0
143.8828848387632	0.0	0.0	0.0
143.98301210726618	0.0	0.0	0.0
144.08313937576915	0.0	0.0	0.0
144.18326664427212	0.0	0.0	0.0
144.28339391277507	0.0	0.0	0.0
144.38352118127804	0.0	0.0	0.0
144.48364844978101	0.0	0.0	0.0
144.583775718284	0.0	0.0	0.0
144.68390298678693	0.0	0.0	0.0
144.7840302552899	0.0	0.0	0.0
144.88415752379288	0.0	0.0	0.0
144.98428479229585	0.0	0.0	0.0
145.0844120607988	0.0	0.0	0.0
145.18453932930177	0.0	0.0	0.0
145.28466659780474	0.0	0.0	0.0
145.38479386630772	0.0	0.0	0.0
145.4849211348107	0.0	0.0	0.0
145.58504840331364	0.0	0.0	0.0
145.6851756718166	0.0	0.0	0.0
145.78530294031958	0.0	0.0	0.0
145.88543020882256	0.0	0.0	0.0
145.9855574773255	0.0	0.0	0.0
146.08568474582847	0.0	0.0	0.0
146.18581201433145	0.0	0.0	0.0
146.28593928283442	0.0	0.0	0.0
146.38606655133736	1.0	1.0	1.0
146.48619381984034	0.0	0.0	0.0
146.5863210883433	0.0	0.0	0.0
146.68644835684628	0.0	0.0	0.0
146.78657562534926	0.0	0.0	0.0
146.8867028938522	0.0	0.0	0.0
146.98683016235518	1.0	1.0	1.0
147.08695743085815	0.0	0.0	0.0
147.18708469936112	0.0	0.0	0.0
147.28721196786407	0.0	0.0	0.0
147.38733923636704	0.0	0.0	0.0
147.48746650487	0.0	0.0	0.0
147.587593773373	0.0	0.0	0.0
147.68772104187593	1.0	1.0	1.0
147.7878483103789	1.0	1.0	1.0
