time	diversity	m_div	M_div
0.0	1.8976270912904414	1.8976270912904414	1.8976270912904414
0.10008126230997129	1.9319661147281726	1.9242792860618816	1.9444826721501687
0.20016252461994258	1.9237619608287002	1.9084850188786497	1.9444826721501687
0.3002437869299139	1.9185545305502736	1.8808135922807914	1.954242509439325
0.40032504923988516	1.9247959957979122	1.9084850188786497	1.954242509439325
0.5004063115498565	1.9175055095525466	1.8976270912904414	1.9493900066449128
0.6004875738598278	1.9111576087399766	1.8808135922807914	1.9344984512435677
0.700568836169799	1.9122220565324155	1.8864907251724818	1.9344984512435677
0.8006500984797703	1.9068735347220704	1.8864907251724818	1.9344984512435677
0.9007313607897416	1.9063350418050906	1.8864907251724818	1.9294189257142926
1.000812623099713	1.9122220565324155	1.8920946026904804	1.9444826721501687
1.1008938854096841	1.9122220565324155	1.8976270912904414	1.9444826721501687
1.2009751477196555	1.912753303671323	1.8920946026904804	1.9242792860618816
1.3010564100296267	1.916453948549925	1.8864907251724818	1.9395192526186185
1.401137672339598	1.9175055095525466	1.8750612633917	1.9493900066449128
1.5012189346495692	1.92272545799326	1.8808135922807914	1.9590413923210936
1.6013001969595406	1.9334872878487055	1.9030899869919435	1.9637878273455553
1.701381459269512	1.9390197764486665	1.9030899869919435	1.9731278535996986
1.8014627215794832	1.9498777040368747	1.919078092376074	1.9912260756924949
1.9015439838894546	1.9585638832219674	1.919078092376074	2.012837224705172
2.001625246199426	1.9790929006383264	1.9493900066449128	2.03342375548695
2.101706508509397	1.9921114877869497	1.954242509439325	2.037426497940624
2.2017877708193683	2.0008677215312267	1.9590413923210936	2.041392685158225
2.3018690331293397	2.0153597554092144	1.9777236052888478	2.0718820073061255
2.401950295439311	2.03382569395331	2.0	2.0827853703164503
2.5020315577492824	2.04883008652835	2.0211892990699383	2.0827853703164503
2.6021128200592534	2.068927611682072	2.0453229787866576	2.093421685162235
2.7021940823692248	2.072249897613515	2.0453229787866576	2.089905111439398
2.802275344679196	2.071513805095089	2.0453229787866576	2.093421685162235
2.9023566069891675	2.0718820073061255	2.0530784434834195	2.093421685162235
3.0024378692991385	2.0670708560453703	2.0453229787866576	2.0827853703164503
3.10251913160911	2.0692980121155293	2.041392685158225	2.089905111439398
3.2026003939190812	2.0681858617461617	2.0453229787866576	2.089905111439398
3.3026816562290526	2.070037866607755	2.0453229787866576	2.093421685162235
3.402762918539024	2.0670708560453703	2.0530784434834195	2.0863598306747484
3.502844180848995	2.053462604925455	2.03342375548695	2.0681858617461617
3.6029254431589663	2.0382226383687185	2.0086001717619175	2.060697840353612
3.7030067054689377	2.022840610876528	2.0	2.0530784434834195
3.803087967778909	2.0060379549973173	1.9822712330395684	2.037426497940624
3.90316923008888	1.9845273133437926	1.954242509439325	2.0211892990699383
4.003250492398852	1.967079734144497	1.9344984512435677	2.0043213737826426
4.103331754708823	1.9479236198317265	1.8976270912904414	2.0
4.203413017018794	1.9324737646771533	1.8692317197309762	1.9912260756924949
4.303494279328765	1.9185545305502736	1.8692317197309762	1.9731278535996986
4.4035755416387365	1.9041743682841634	1.863322860120456	1.9444826721501687
4.503656803948708	1.8926510338773004	1.8573324964312685	1.9242792860618816
4.603738066258679	1.885361220031512	1.8512583487190752	1.9242792860618816
4.703819328568651	1.8785217955012066	1.845098040014257	1.9138138523837167
4.803900590878622	1.8721562727482928	1.845098040014257	1.8920946026904804
4.9039818531885935	1.8715729355458788	1.8512583487190752	1.8920946026904804
5.004063115498565	1.861534410859038	1.8325089127062364	1.8920946026904804
5.104144377808535	1.8512583487190752	1.8260748027008264	1.8750612633917
5.204225640118507	1.8432327780980093	1.806179973983887	1.8750612633917
5.304306902428478	1.823474229170301	1.792391689498254	1.8388490907372552
5.4043881647384495	1.8195439355418688	1.7853298350107671	1.8325089127062364
5.504469427048421	1.810232517995084	1.7708520116421442	1.8325089127062364
5.604550689358392	1.8000293592441343	1.7634279935629373	1.8388490907372552
5.704631951668364	1.8007170782823851	1.7634279935629373	1.845098040014257
5.804713213978335	1.7965743332104296	1.7481880270062005	1.8325089127062364
5.9047944762883064	1.7888751157754168	1.7481880270062005	1.8195439355418688
6.004875738598277	1.7817553746524688	1.7481880270062005	1.8129133566428555
6.104957000908248	1.7788744720027396	1.7323937598229686	1.8195439355418688
6.20503826321822	1.7810369386211318	1.7403626894942439	1.8260748027008264
6.305119525528191	1.7737864449811935	1.7323937598229686	1.8129133566428555
6.4052007878381625	1.765668554759014	1.724275869600789	1.7993405494535817
6.505282050148134	1.7649229846498886	1.7323937598229686	1.7853298350107671
6.605363312458105	1.7566361082458481	1.724275869600789	1.7853298350107671
6.705444574768077	1.7512791039833422	1.724275869600789	1.7781512503836436
6.805525837078048	1.7512791039833422	1.724275869600789	1.7708520116421442
6.9056070993880185	1.745855195173729	1.724275869600789	1.7708520116421442
7.00568836169799	1.7427251313046983	1.7160033436347992	1.7634279935629373
7.105769624007961	1.739572344450092	1.7160033436347992	1.7634279935629373
7.205850886317933	1.730782275666389	1.7075701760979363	1.7558748556724915
7.305932148627904	1.724275869600789	1.6989700043360187	1.7558748556724915
7.4060134109378755	1.7226339225338123	1.6989700043360187	1.7481880270062005
7.506094673247847	1.7134905430939424	1.6901960800285136	1.7403626894942439
7.606175935557818	1.7075701760979363	1.6901960800285136	1.7481880270062005
7.70625719786779	1.705007959333336	1.6812412373755872	1.7403626894942439
7.80633846017776	1.6998377258672457	1.6812412373755872	1.7323937598229686
7.9064197224877315	1.6954816764901974	1.6720978579357175	1.724275869600789
8.006500984797704	1.69284691927723	1.6720978579357175	1.724275869600789
8.106582247107674	1.6910814921229684	1.6720978579357175	1.724275869600789
8.206663509417647	1.6919651027673603	1.6720978579357175	1.724275869600789
8.306744771727617	1.6937269489236468	1.6720978579357175	1.724275869600789
8.406826034037588	1.69284691927723	1.6720978579357175	1.724275869600789
8.50690729634756	1.6946051989335686	1.6720978579357175	1.724275869600789
8.60698855865753	1.6963563887333322	1.6720978579357175	1.7075701760979363
8.707069820967503	1.6963563887333322	1.6720978579357175	1.7160033436347992
8.807151083277473	1.6954816764901974	1.6720978579357175	1.724275869600789
8.907232345587445	1.69810054562339	1.6720978579357175	1.724275869600789
9.007313607897416	1.7015679850559273	1.6720978579357175	1.7323937598229686
9.107394870207388	1.6989700043360187	1.662757831681574	1.7403626894942439
9.207476132517359	1.7007037171450194	1.6720978579357175	1.7323937598229686
9.30755739482733	1.69810054562339	1.6720978579357175	1.7403626894942439
9.407638657137301	1.705007959333336	1.6720978579357175	1.7481880270062005
9.507719919447272	1.7092699609758308	1.6812412373755872	1.7481880270062005
9.607801181757244	1.7126497016272113	1.6901960800285136	1.7481880270062005
9.707882444067215	1.7126497016272113	1.6812412373755872	1.7558748556724915
9.807963706377187	1.7134905430939424	1.6901960800285136	1.7558748556724915
9.908044968687157	1.7151673578484579	1.6901960800285136	1.7558748556724915
10.00812623099713	1.7185016888672742	1.6901960800285136	1.7558748556724915
10.1082074933071	1.7226339225338123	1.6901960800285136	1.7634279935629373
10.20828875561707	1.7275412570285564	1.6812412373755872	1.7558748556724915
10.308370017927043	1.7283537820212285	1.6720978579357175	1.7558748556724915
10.408451280237013	1.7299742856995557	1.6720978579357175	1.7558748556724915
10.508532542546986	1.7363965022766426	1.6989700043360187	1.7634279935629373
10.608613804856956	1.7435097647284297	1.6989700043360187	1.7781512503836436
10.708695067166929	1.749736315569061	1.6989700043360187	1.792391689498254
10.808776329476899	1.7566361082458481	1.7160033436347992	1.792391689498254
10.908857591786871	1.7596678446896306	1.7323937598229686	1.7781512503836436
11.008938854096842	1.760422483423212	1.7323937598229686	1.7853298350107671
11.109020116406812	1.7693773260761385	1.7403626894942439	1.7853298350107671
11.209101378716785	1.7737864449811935	1.7323937598229686	1.7993405494535817
11.309182641026755	1.7781512503836436	1.7481880270062005	1.7993405494535817
11.409263903336727	1.7867514221455612	1.7481880270062005	1.8195439355418688
11.509345165646698	1.7958800173440752	1.7558748556724915	1.845098040014257
11.60942642795667	1.7965743332104296	1.7481880270062005	1.845098040014257
11.70950769026664	1.8027737252919758	1.7634279935629373	1.845098040014257
11.809588952576613	1.8048206787211623	1.7781512503836436	1.8388490907372552
11.909670214886583	1.8129133566428555	1.7781512503836436	1.8512583487190752
12.009751477196554	1.8188854145940099	1.7853298350107671	1.8573324964312685
12.109832739506526	1.8228216453031045	1.7781512503836436	1.863322860120456
12.209914001816497	1.8318697742805017	1.7781512503836436	1.863322860120456
12.309995264126469	1.8356905714924256	1.7781512503836436	1.863322860120456
12.41007652643644	1.8401060944567578	1.792391689498254	1.8692317197309762
12.510157788746412	1.8463371121298053	1.7853298350107671	1.8808135922807914
12.610239051056382	1.8518696007297664	1.7993405494535817	1.8750612633917
12.710320313366354	1.8555191556678001	1.806179973983887	1.8808135922807914
12.810401575676325	1.8573324964312685	1.806179973983887	1.8920946026904804
12.910482837986295	1.8627275283179747	1.8129133566428555	1.9084850188786497
13.010564100296268	1.8686444383948257	1.8325089127062364	1.8976270912904414
13.110645362606238	1.8739015978644613	1.8325089127062364	1.9138138523837167
13.21072662491621	1.8767949762007006	1.8325089127062364	1.9084850188786497
13.310807887226181	1.8825245379548805	1.8388490907372552	1.9138138523837167
13.410889149536153	1.8836614351536176	1.8325089127062364	1.9138138523837167
13.510970411846124	1.888179493918325	1.8512583487190752	1.919078092376074
13.611051674156096	1.8904210188009143	1.8512583487190752	1.9138138523837167
13.711132936466067	1.8943160626844384	1.8573324964312685	1.919078092376074
13.811214198776037	1.8981764834976764	1.8573324964312685	1.9242792860618816
13.91129546108601	1.9030899869919435	1.8808135922807914	1.9294189257142926
14.01137672339598	1.9052560487484513	1.8864907251724818	1.9344984512435677
14.111457985705952	1.9063350418050906	1.8864907251724818	1.9242792860618816
14.211539248015923	1.909020854211156	1.8920946026904804	1.9294189257142926
14.311620510325895	1.9122220565324155	1.8976270912904414	1.9294189257142926
14.411701772635865	1.9143431571194407	1.8920946026904804	1.9294189257142926
14.511783034945838	1.9153998352122699	1.8976270912904414	1.9294189257142926
14.611864297255808	1.91803033678488	1.8976270912904414	1.9294189257142926
14.711945559565779	1.919601023784111	1.8976270912904414	1.9294189257142926
14.812026821875751	1.9253120914996495	1.8976270912904414	1.9493900066449128
14.912108084185721	1.9294189257142926	1.8976270912904414	1.954242509439325
15.012189346495694	1.9289076902439528	1.9030899869919435	1.9590413923210936
15.112270608805664	1.931457870689005	1.9084850188786497	1.9637878273455553
15.212351871115636	1.9334872878487055	1.8976270912904414	1.968482948553935
15.312433133425607	1.9365137424788934	1.8920946026904804	1.968482948553935
15.41251439573558	1.9395192526186185	1.8976270912904414	1.9637878273455553
15.51259565804555	1.943988875073772	1.8976270912904414	1.9731278535996986
15.61267692035552	1.948412965778601	1.9030899869919435	1.9777236052888478
15.712758182665493	1.9537596917332287	1.9138138523837167	1.9822712330395684
15.812839444975463	1.9609461957338314	1.9294189257142926	2.0
15.912920707285435	1.9633155113861114	1.9344984512435677	1.9867717342662448
16.013001969595408	1.9656719712201067	1.9395192526186185	1.99563519459755
16.113083231905378	1.9712758487381052	1.9344984512435677	2.0
16.21316449421535	1.972665592266111	1.9344984512435677	2.0
16.31324575652532	1.974971994298069	1.9395192526186185	2.0
16.413327018835293	1.9804578922761	1.9444826721501687	2.0043213737826426
16.513408281145264	1.9827233876685453	1.9637878273455553	2.0086001717619175
16.613489543455234	1.9890046156985368	1.968482948553935	2.0170333392987803
16.713570805765205	1.9876662649262746	1.9637878273455553	2.012837224705172
16.813652068075175	1.987219229908005	1.968482948553935	2.012837224705172
16.91373333038515	1.9881128402683519	1.9637878273455553	2.0211892990699383
17.01381459269512	1.9894498176666917	1.968482948553935	2.0170333392987803
17.11389585500509	1.9827233876685453	1.9590413923210936	2.0086001717619175
17.21397711731506	1.9818186071706636	1.9590413923210936	2.0043213737826426
17.314058379625035	1.9781805169374138	1.9590413923210936	2.0043213737826426
17.414139641935005	1.974971994298069	1.954242509439325	2.0
17.514220904244976	1.972665592266111	1.9395192526186185	1.99563519459755
17.614302166554946	1.9689496809813425	1.9344984512435677	2.0
17.714383428864917	1.9661417327390327	1.9395192526186185	2.0
17.81446469117489	1.9661417327390327	1.9444826721501687	1.99563519459755
17.91454595348486	1.9656719712201067	1.9395192526186185	1.99563519459755
18.01462721579483	1.9656719712201067	1.9444826721501687	1.9912260756924949
18.114708478104802	1.9666109866819343	1.9493900066449128	1.99563519459755
18.214789740414776	1.9661417327390327	1.9344984512435677	1.9912260756924949
18.314871002724747	1.9637878273455553	1.9242792860618816	1.9822712330395684
18.414952265034717	1.9637878273455553	1.9242792860618816	1.9822712330395684
18.515033527344688	1.9618954736678504	1.9242792860618816	1.9867717342662448
18.61511478965466	1.9623693356700211	1.9294189257142926	1.9912260756924949
18.715196051964632	1.9614210940664483	1.9395192526186185	1.9822712330395684
18.815277314274603	1.9604707775342989	1.9444826721501687	1.9777236052888478
18.915358576584573	1.954242509439325	1.9294189257142926	1.9637878273455553
19.015439838894544	1.948412965778601	1.919078092376074	1.9637878273455553
19.115521101204518	1.941511432634403	1.9138138523837167	1.9590413923210936
19.21560236351449	1.9395192526186185	1.9138138523837167	1.954242509439325
19.31568362582446	1.9405164849325673	1.9138138523837167	1.9731278535996986
19.41576488813443	1.9350031514536548	1.9138138523837167	1.968482948553935
19.5158461504444	1.932980821923198	1.8976270912904414	1.968482948553935
19.615927412754374	1.9299295600845878	1.8976270912904414	1.9493900066449128
19.716008675064344	1.9232440186302764	1.9138138523837167	1.9493900066449128
19.816089937374315	1.91803033678488	1.9084850188786497	1.9344984512435677
19.916171199684285	1.9138138523837167	1.8976270912904414	1.9344984512435677
20.01625246199426	1.9095560292411753	1.8864907251724818	1.9344984512435677
20.11633372430423	1.9079485216122722	1.8808135922807914	1.9294189257142926
20.2164149866142	1.9068735347220704	1.8864907251724818	1.9294189257142926
20.31649624892417	1.8998205024270962	1.8808135922807914	1.9344984512435677
20.41657751123414	1.8920946026904804	1.8692317197309762	1.9242792860618816
20.516658773544115	1.888179493918325	1.8692317197309762	1.9138138523837167
20.616740035854086	1.8836614351536176	1.8692317197309762	1.8920946026904804
20.716821298164056	1.8790958795000727	1.863322860120456	1.9030899869919435
20.816902560474027	1.8704039052790271	1.8512583487190752	1.8864907251724818
20.916983822784	1.8674674878590516	1.8512583487190752	1.8808135922807914
21.01706508509397	1.8621313793130372	1.8388490907372552	1.8808135922807914
21.117146347403942	1.8585371975696392	1.8325089127062364	1.8808135922807914
21.217227609713913	1.857935264719429	1.8388490907372552	1.8750612633917
21.317308872023883	1.8518696007297664	1.8195439355418688	1.8750612633917
21.417390134333857	1.8488047010518038	1.8195439355418688	1.8750612633917
21.517471396643828	1.8463371121298053	1.8129133566428555	1.8692317197309762
21.617552658953798	1.845098040014257	1.8129133566428555	1.8692317197309762
21.71763392126377	1.8444771757456815	1.806179973983887	1.8750612633917
21.817715183573743	1.842609239610562	1.806179973983887	1.8750612633917
21.917796445883713	1.8382192219076259	1.7993405494535817	1.8692317197309762
22.017877708193684	1.8286598965353198	1.792391689498254	1.863322860120456
22.117958970503654	1.825426117767823	1.7853298350107671	1.863322860120456
22.218040232813625	1.8221680793680175	1.7781512503836436	1.8512583487190752
22.3181214951236	1.8175653695597809	1.7708520116421442	1.8512583487190752
22.41820275743357	1.8155777483242672	1.7781512503836436	1.8512583487190752
22.51828401974354	1.8075350280688534	1.7708520116421442	1.845098040014257
22.61836528205351	1.8027737252919758	1.7708520116421442	1.8325089127062364
22.718446544363484	1.7986506454452689	1.7558748556724915	1.8325089127062364
22.818527806673455	1.7937903846908188	1.7403626894942439	1.8260748027008264
22.918609068983425	1.7916906490201179	1.7403626894942439	1.8260748027008264
23.018690331293396	1.7902851640332418	1.7403626894942439	1.8195439355418688
23.118771593603366	1.7867514221455612	1.7403626894942439	1.8260748027008264
23.21885285591334	1.7715874808812553	1.7160033436347992	1.8195439355418688
23.31893411822331	1.7686381012476144	1.7323937598229686	1.8129133566428555
23.41901538053328	1.7649229846498886	1.7160033436347992	1.8195439355418688
23.51909664284325	1.765668554759014	1.7075701760979363	1.8195439355418688
23.619177905153226	1.7566361082458481	1.6989700043360187	1.8195439355418688
23.719259167463196	1.7505083948513462	1.6989700043360187	1.8129133566428555
23.819340429773167	1.7442929831226763	1.7075701760979363	1.7993405494535817
23.919421692083137	1.741939077729199	1.7075701760979363	1.8129133566428555
24.019502954393108	1.734799829588847	1.6901960800285136	1.806179973983887
24.119584216703082	1.730782275666389	1.6901960800285136	1.806179973983887
24.219665479013052	1.7315887651867388	1.6901960800285136	1.7853298350107671
24.319746741323023	1.7218106152125465	1.6812412373755872	1.7853298350107671
24.419828003632993	1.7160033436347992	1.6720978579357175	1.7853298350107671
24.519909265942967	1.7151673578484579	1.662757831681574	1.7708520116421442
24.619990528252938	1.7092699609758308	1.662757831681574	1.7634279935629373
24.72007179056291	1.705007959333336	1.6532125137753437	1.7634279935629373
24.82015305287288	1.7075701760979363	1.6532125137753437	1.7403626894942439
24.92023431518285	1.7058637122839193	1.6901960800285136	1.7323937598229686
25.020315577492823	1.7067177823367587	1.6812412373755872	1.7323937598229686
25.120396839802794	1.7007037171450194	1.662757831681574	1.7323937598229686
25.220478102112764	1.69810054562339	1.662757831681574	1.724275869600789
25.320559364422735	1.6989700043360187	1.662757831681574	1.7323937598229686
25.42064062673271	1.69284691927723	1.662757831681574	1.724275869600789
25.52072188904268	1.6901960800285136	1.662757831681574	1.7323937598229686
25.62080315135265	1.6884198220027107	1.662757831681574	1.7403626894942439
25.72088441366262	1.6857417386022637	1.6434526764861874	1.7403626894942439
25.82096567597259	1.6794278966121188	1.6334684555795864	1.7075701760979363
25.921046938282565	1.6766936096248666	1.6532125137753437	1.6989700043360187
26.021128200592536	1.6618126855372612	1.6434526764861874	1.6901960800285136
26.121209462902506	1.6599162000698502	1.6434526764861874	1.6901960800285136
26.221290725212477	1.649334858712142	1.6232492903979006	1.6812412373755872
26.32137198752245	1.6503075231319364	1.6020599913279623	1.6901960800285136
26.42145324983242	1.640481436970422	1.6127838567197355	1.6720978579357175
26.52153451214239	1.6263403673750423	1.6020599913279623	1.6720978579357175
26.621615774452362	1.6148972160331345	1.568201724066995	1.662757831681574
26.721697036762333	1.608526033577194	1.5440680443502757	1.662757831681574
26.821778299072307	1.60422605308447	1.5440680443502757	1.6720978579357175
26.921859561382277	1.6009728956867482	1.5440680443502757	1.6532125137753437
27.021940823692248	1.591064607026499	1.5314789170422551	1.6434526764861874
27.122022086002218	1.5888317255942073	1.5440680443502757	1.6434526764861874
27.222103348312192	1.5797835966168101	1.5314789170422551	1.6232492903979006
27.322184610622163	1.5797835966168101	1.5440680443502757	1.6232492903979006
27.422265872932133	1.5717088318086876	1.5314789170422551	1.6127838567197355
27.522347135242104	1.5634810853944108	1.5314789170422551	1.6020599913279623
27.622428397552074	1.550228353055094	1.505149978319906	1.6020599913279623
27.722509659862048	1.541579243946581	1.4913616938342726	1.6020599913279623
27.82259092217202	1.5185139398778875	1.4771212547196624	1.6020599913279623
27.92267218448199	1.510545010206612	1.462397997898956	1.591064607026499
28.02275344679196	1.5010592622177514	1.4471580313422192	1.568201724066995
28.122834709101934	1.4941545940184429	1.4471580313422192	1.5563025007672873
28.222915971411904	1.4941545940184429	1.4313637641589874	1.5563025007672873
28.322997233721875	1.4842998393467859	1.4313637641589874	1.5440680443502757
28.423078496031845	1.4800069429571505	1.3979400086720377	1.5440680443502757
28.523159758341816	1.4771212547196624	1.4313637641589874	1.5314789170422551
28.62324102065179	1.4742162640762553	1.414973347970818	1.5314789170422551
28.72332228296176	1.4593924877592308	1.414973347970818	1.505149978319906
28.82340354527173	1.4548448600085102	1.414973347970818	1.4913616938342726
28.9234848075817	1.4471580313422192	1.3979400086720377	1.505149978319906
29.023566069891675	1.437750562820388	1.380211241711606	1.4913616938342726
29.123647332201646	1.429752280002408	1.3424226808222062	1.4913616938342726
29.223728594511616	1.423245873936808	1.3424226808222062	1.462397997898956
29.323809856821587	1.414973347970818	1.3424226808222062	1.4471580313422192
29.423891119131557	1.4082399653118496	1.3617278360175928	1.4471580313422192
29.52397238144153	1.3996737214810382	1.3617278360175928	1.414973347970818
29.624053643751502	1.390935107103379	1.3617278360175928	1.414973347970818
29.724134906061472	1.3856062735983121	1.3424226808222062	1.414973347970818
29.824216168371443	1.3820170425748683	1.3222192947339193	1.414973347970818
29.924297430681417	1.380211241711606	1.3424226808222062	1.4313637641589874
30.024378692991387	1.3783979009481377	1.3424226808222062	1.414973347970818
30.124459955301358	1.3891660843645324	1.3424226808222062	1.4313637641589874
30.22454121761133	1.3961993470957363	1.3617278360175928	1.4313637641589874
30.3246224799213	1.3961993470957363	1.3617278360175928	1.4313637641589874
30.424703742231273	1.3979400086720377	1.3617278360175928	1.4313637641589874
30.524785004541243	1.403120521175818	1.3617278360175928	1.462397997898956
30.624866266851214	1.4065401804339552	1.3617278360175928	1.462397997898956
30.724947529161184	1.4082399653118496	1.3617278360175928	1.462397997898956
30.82502879147116	1.4099331233312946	1.3617278360175928	1.462397997898956
30.92511005378113	1.4082399653118496	1.3424226808222062	1.462397997898956
31.0251913160911	1.3926969532596658	1.3424226808222062	1.4471580313422192
31.12527257840107	1.3996737214810382	1.3424226808222062	1.4913616938342726
31.22535384071104	1.403120521175818	1.3424226808222062	1.4913616938342726
31.325435103021015	1.4014005407815442	1.3222192947339193	1.4771212547196624
31.425516365330985	1.4082399653118496	1.3222192947339193	1.462397997898956
31.525597627640956	1.414973347970818	1.3424226808222062	1.4771212547196624
31.625678889950926	1.414973347970818	1.3222192947339193	1.4771212547196624
31.7257601522609	1.413299764081252	1.3222192947339193	1.4771212547196624
31.82584141457087	1.413299764081252	1.3222192947339193	1.4771212547196624
31.92592267688084	1.413299764081252	1.3222192947339193	1.4913616938342726
32.026003939190815	1.4099331233312946	1.3424226808222062	1.4771212547196624
32.126085201500786	1.4116197059632303	1.3424226808222062	1.4771212547196624
32.226166463810756	1.4099331233312946	1.3222192947339193	1.4771212547196624
32.32624772612073	1.4099331233312946	1.3424226808222062	1.4471580313422192
32.4263289884307	1.4116197059632303	1.3617278360175928	1.4471580313422192
32.52641025074067	1.403120521175818	1.3424226808222062	1.4313637641589874
32.62649151305064	1.404833716619938	1.3424226808222062	1.4313637641589874
32.72657277536061	1.3996737214810382	1.3222192947339193	1.4313637641589874
32.826654037670586	1.4014005407815442	1.3222192947339193	1.4313637641589874
32.92673529998056	1.3961993470957363	1.3424226808222062	1.4313637641589874
33.02681656229053	1.390935107103379	1.3424226808222062	1.4313637641589874
33.1268978246005	1.3996737214810382	1.3617278360175928	1.4471580313422192
33.22697908691047	1.4014005407815442	1.3617278360175928	1.462397997898956
33.32706034922044	1.404833716619938	1.3617278360175928	1.462397997898956
33.42714161153041	1.404833716619938	1.3424226808222062	1.462397997898956
33.52722287384038	1.4183012913197455	1.380211241711606	1.462397997898956
33.62730413615035	1.413299764081252	1.380211241711606	1.4471580313422192
33.72738539846033	1.4099331233312946	1.3424226808222062	1.462397997898956
33.8274666607703	1.4082399653118496	1.3617278360175928	1.4313637641589874
33.92754792308027	1.421603926869831	1.380211241711606	1.4471580313422192
34.02762918539024	1.4345689040341987	1.380211241711606	1.462397997898956
34.12771044770021	1.4424797690644486	1.380211241711606	1.4771212547196624
34.22779171001018	1.4440447959180762	1.3979400086720377	1.4771212547196624
34.32787297232015	1.4487063199050798	1.3979400086720377	1.4913616938342726
34.42795423463012	1.4533183400470377	1.414973347970818	1.505149978319906
34.52803549694009	1.4593924877592308	1.3979400086720377	1.5185139398778875
34.62811675925007	1.4593924877592308	1.3979400086720377	1.505149978319906
34.72819802156004	1.4593924877592308	1.3979400086720377	1.505149978319906
34.82827928387001	1.4548448600085102	1.3979400086720377	1.4913616938342726
34.92836054617998	1.4533183400470377	1.3979400086720377	1.4913616938342726
35.02844180848995	1.4563660331290431	1.414973347970818	1.4913616938342726
35.12852307079992	1.4608978427565478	1.414973347970818	1.505149978319906
35.22860433310989	1.462397997898956	1.4313637641589874	1.5185139398778875
35.32868559541986	1.4653828514484182	1.4313637641589874	1.5185139398778875
35.42876685772983	1.4712917110589385	1.414973347970818	1.5314789170422551
35.52884812003981	1.4742162640762553	1.414973347970818	1.5314789170422551
35.62892938234978	1.4800069429571505	1.4313637641589874	1.5314789170422551
35.72901064465975	1.4885507165004443	1.4313637641589874	1.5440680443502757
35.82909190696972	1.4983105537896004	1.4471580313422192	1.5563025007672873
35.92917316927969	1.5024271199844328	1.4471580313422192	1.5563025007672873
36.02925443158966	1.505149978319906	1.4313637641589874	1.5440680443502757
36.129335693899634	1.5145477526602862	1.4313637641589874	1.5563025007672873
36.229416956209604	1.5171958979499742	1.4313637641589874	1.5563025007672873
36.329498218519575	1.515873843711679	1.4471580313422192	1.568201724066995
36.42957948082955	1.5198279937757189	1.4471580313422192	1.5797835966168101
36.52966074313952	1.5211380837040362	1.462397997898956	1.5797835966168101
36.62974200544949	1.5185139398778875	1.462397997898956	1.568201724066995
36.729823267759464	1.5224442335063197	1.4771212547196624	1.5797835966168101
36.829904530069435	1.530199698203082	1.4771212547196624	1.5797835966168101
36.929985792379405	1.534026106056135	1.505149978319906	1.5797835966168101
37.030067054689376	1.530199698203082	1.4771212547196624	1.5797835966168101
37.130148316999346	1.5314789170422551	1.4771212547196624	1.5797835966168101
37.23022957930932	1.5390760987927767	1.4913616938342726	1.5797835966168101
37.330310841619294	1.541579243946581	1.4913616938342726	1.591064607026499
37.430392103929265	1.5403294747908738	1.4913616938342726	1.5797835966168101
37.530473366239235	1.5390760987927767	1.4771212547196624	1.5797835966168101
37.630554628549206	1.5390760987927767	1.4771212547196624	1.568201724066995
37.730635890859176	1.5378190950732742	1.4771212547196624	1.568201724066995
37.83071715316915	1.5378190950732742	1.4771212547196624	1.568201724066995
37.93079841547912	1.5477747053878226	1.4771212547196624	1.591064607026499
38.03087967778909	1.551449997972875	1.462397997898956	1.591064607026499
38.13096094009906	1.551449997972875	1.4913616938342726	1.591064607026499
38.231042202409036	1.5550944485783191	1.505149978319906	1.591064607026499
38.331123464719006	1.5526682161121932	1.505149978319906	1.591064607026499
38.43120472702898	1.5526682161121932	1.505149978319906	1.5797835966168101
38.53128598933895	1.5538830266438743	1.505149978319906	1.5797835966168101
38.63136725164892	1.5538830266438743	1.505149978319906	1.5797835966168101
38.73144851395889	1.550228353055094	1.505149978319906	1.5797835966168101
38.83152977626886	1.5490032620257879	1.505149978319906	1.5797835966168101
38.93161103857883	1.5477747053878226	1.505149978319906	1.568201724066995
39.0316923008888	1.546542663478131	1.5185139398778875	1.568201724066995
39.13177356319878	1.545307116465824	1.505149978319906	1.568201724066995
39.23185482550875	1.5440680443502757	1.5185139398778875	1.568201724066995
39.33193608781872	1.5403294747908738	1.5185139398778875	1.5563025007672873
39.43201735012869	1.5403294747908738	1.5185139398778875	1.5563025007672873
39.53209861243866	1.5378190950732742	1.505149978319906	1.5563025007672873
39.63217987474863	1.5378190950732742	1.505149978319906	1.568201724066995
39.7322611370586	1.5327543789924978	1.505149978319906	1.568201724066995
39.83234239936857	1.5403294747908738	1.5185139398778875	1.5797835966168101
39.93242366167854	1.5390760987927767	1.5185139398778875	1.568201724066995
40.03250492398852	1.5314789170422551	1.4913616938342726	1.568201724066995
40.13258618629849	1.5314789170422551	1.4913616938342726	1.568201724066995
40.23266744860846	1.5314789170422551	1.462397997898956	1.568201724066995
40.33274871091843	1.526339277389844	1.462397997898956	1.568201724066995
40.4328299732284	1.530199698203082	1.462397997898956	1.568201724066995
40.53291123553837	1.530199698203082	1.4771212547196624	1.5563025007672873
40.63299249784834	1.5327543789924978	1.505149978319906	1.5563025007672873
40.73307376015831	1.534026106056135	1.505149978319906	1.5563025007672873
40.83315502246828	1.534026106056135	1.5185139398778875	1.568201724066995
40.93323628477826	1.5289167002776547	1.505149978319906	1.5563025007672873
41.03331754708823	1.5314789170422551	1.4913616938342726	1.5563025007672873
41.1333988093982	1.5314789170422551	1.505149978319906	1.5563025007672873
41.23348007170817	1.530199698203082	1.505149978319906	1.5563025007672873
41.33356133401814	1.530199698203082	1.505149978319906	1.5563025007672873
41.43364259632811	1.5250448070368452	1.4913616938342726	1.5563025007672873
41.53372385863808	1.5289167002776547	1.4913616938342726	1.568201724066995
41.633805120948054	1.5224442335063197	1.4771212547196624	1.568201724066995
41.733886383258024	1.5224442335063197	1.462397997898956	1.5797835966168101
41.833967645568	1.5276299008713388	1.462397997898956	1.5797835966168101
41.93404890787797	1.526339277389844	1.462397997898956	1.5797835966168101
42.03413017018794	1.5314789170422551	1.4913616938342726	1.5797835966168101
42.134211432497914	1.5365584425715302	1.505149978319906	1.5797835966168101
42.234292694807884	1.5314789170422551	1.505149978319906	1.5797835966168101
42.334373957117855	1.5276299008713388	1.4913616938342726	1.5797835966168101
42.434455219427825	1.5224442335063197	1.4771212547196624	1.5797835966168101
42.534536481737796	1.5185139398778875	1.4771212547196624	1.568201724066995
42.634617744047766	1.5171958979499742	1.4771212547196624	1.568201724066995
42.734699006357744	1.5185139398778875	1.4771212547196624	1.568201724066995
42.834780268667714	1.5211380837040362	1.4771212547196624	1.5563025007672873
42.934861530977685	1.5224442335063197	1.4771212547196624	1.5563025007672873
43.034942793287655	1.5250448070368452	1.4913616938342726	1.5440680443502757
43.135024055597626	1.5224442335063197	1.4913616938342726	1.5440680443502757
43.235105317907596	1.5250448070368452	1.4913616938342726	1.5563025007672873
43.33518658021757	1.5289167002776547	1.4913616938342726	1.568201724066995
43.43526784252754	1.5314789170422551	1.4913616938342726	1.5797835966168101
43.53534910483751	1.5314789170422551	1.4913616938342726	1.5797835966168101
43.635430367147485	1.5352941200427705	1.4913616938342726	1.591064607026499
43.735511629457456	1.5327543789924978	1.4913616938342726	1.5797835966168101
43.835592891767426	1.530199698203082	1.4913616938342726	1.5563025007672873
43.9356741540774	1.5314789170422551	1.4913616938342726	1.5563025007672873
44.03575541638737	1.5327543789924978	1.4913616938342726	1.5563025007672873
44.13583667869734	1.5390760987927767	1.5185139398778875	1.5563025007672873
44.23591794100731	1.5390760987927767	1.5185139398778875	1.5563025007672873
44.33599920331728	1.5378190950732742	1.5185139398778875	1.568201724066995
44.43608046562725	1.5314789170422551	1.4913616938342726	1.568201724066995
44.53616172793723	1.530199698203082	1.4913616938342726	1.568201724066995
44.6362429902472	1.534026106056135	1.4913616938342726	1.591064607026499
44.73632425255717	1.5378190950732742	1.4913616938342726	1.591064607026499
44.83640551486714	1.5276299008713388	1.4771212547196624	1.568201724066995
44.93648677717711	1.526339277389844	1.4913616938342726	1.5563025007672873
45.03656803948708	1.5276299008713388	1.4913616938342726	1.5563025007672873
45.13664930179705	1.5289167002776547	1.4771212547196624	1.5563025007672873
45.23673056410702	1.526339277389844	1.4771212547196624	1.5563025007672873
45.33681182641699	1.5237464668115646	1.4771212547196624	1.5563025007672873
45.43689308872697	1.5224442335063197	1.4771212547196624	1.5563025007672873
45.53697435103694	1.5145477526602862	1.4771212547196624	1.5563025007672873
45.63705561334691	1.510545010206612	1.462397997898956	1.5563025007672873
45.73713687565688	1.5092025223311027	1.462397997898956	1.5563025007672873
45.83721813796685	1.5024271199844328	1.462397997898956	1.5440680443502757
45.93729940027682	1.4983105537896004	1.4471580313422192	1.5314789170422551
46.03738066258679	1.4899584794248346	1.4471580313422192	1.5185139398778875
46.13746192489676	1.4899584794248346	1.4471580313422192	1.5185139398778875
46.23754318720673	1.4842998393467859	1.4313637641589874	1.5185139398778875
46.33762444951671	1.4842998393467859	1.4471580313422192	1.5185139398778875
46.43770571182668	1.4871383754771865	1.4471580313422192	1.5314789170422551
46.53778697413665	1.4871383754771865	1.4471580313422192	1.5314789170422551
46.63786823644662	1.4871383754771865	1.4471580313422192	1.5314789170422551
46.73794949875659	1.4885507165004443	1.4471580313422192	1.5314789170422551
46.83803076106656	1.4871383754771865	1.4471580313422192	1.5185139398778875
46.93811202337653	1.4857214264815801	1.4471580313422192	1.505149978319906
47.0381932856865	1.481442628502305	1.4313637641589874	1.5185139398778875
47.138274547996474	1.4885507165004443	1.4471580313422192	1.5185139398778875
47.23835581030645	1.4871383754771865	1.462397997898956	1.5185139398778875
47.33843707261642	1.4857214264815801	1.462397997898956	1.5185139398778875
47.43851833492639	1.481442628502305	1.4471580313422192	1.5185139398778875
47.53859959723636	1.4756711883244296	1.4471580313422192	1.505149978319906
47.638680859546334	1.4756711883244296	1.4471580313422192	1.505149978319906
47.738762121856304	1.4727564493172123	1.4313637641589874	1.4913616938342726
47.838843384166275	1.4727564493172123	1.4471580313422192	1.505149978319906
47.938924646476245	1.4638929889859074	1.4471580313422192	1.4913616938342726
48.039005908786216	1.4608978427565478	1.4313637641589874	1.505149978319906
48.13908717109619	1.4578818967339924	1.4313637641589874	1.505149978319906
48.239168433406164	1.4533183400470377	1.414973347970818	1.505149978319906
48.339249695716134	1.4471580313422192	1.3979400086720377	1.4913616938342726
48.439330958026105	1.4487063199050798	1.414973347970818	1.4913616938342726
48.539412220336075	1.4533183400470377	1.414973347970818	1.4913616938342726
48.639493482646046	1.4471580313422192	1.3979400086720377	1.4771212547196624
48.739574744956016	1.4440447959180762	1.3979400086720377	1.4771212547196624
48.83965600726599	1.4393326938302626	1.3979400086720377	1.4771212547196624
48.93973726957596	1.437750562820388	1.3979400086720377	1.4771212547196624
49.039818531885935	1.4313637641589874	1.3979400086720377	1.462397997898956
49.139899794195905	1.429752280002408	1.3979400086720377	1.4471580313422192
49.239981056505876	1.421603926869831	1.380211241711606	1.4471580313422192
49.340062318815846	1.4199557484897578	1.380211241711606	1.4471580313422192
49.44014358112582	1.4183012913197455	1.380211241711606	1.462397997898956
49.54022484343579	1.4183012913197455	1.380211241711606	1.4771212547196624
49.64030610574576	1.414973347970818	1.380211241711606	1.462397997898956
49.74038736805573	1.4116197059632303	1.380211241711606	1.4471580313422192
49.8404686303657	1.4065401804339552	1.380211241711606	1.4471580313422192
49.940549892675676	1.403120521175818	1.3617278360175928	1.4471580313422192
50.04063115498565	1.403120521175818	1.3617278360175928	1.4471580313422192
50.14071241729562	1.404833716619938	1.380211241711606	1.4471580313422192
50.24079367960559	1.404833716619938	1.380211241711606	1.4313637641589874
50.34087494191556	1.3944516808262162	1.380211241711606	1.4313637641589874
50.44095620422553	1.3926969532596658	1.380211241711606	1.414973347970818
50.5410374665355	1.390935107103379	1.380211241711606	1.414973347970818
50.64111872884547	1.3873898263387294	1.3617278360175928	1.414973347970818
50.74119999115544	1.3820170425748683	1.3617278360175928	1.414973347970818
50.84128125346542	1.3820170425748683	1.3617278360175928	1.414973347970818
50.94136251577539	1.380211241711606	1.3617278360175928	1.414973347970818
51.04144377808536	1.3747483460101038	1.3424226808222062	1.414973347970818
51.14152504039533	1.3747483460101038	1.3424226808222062	1.414973347970818
51.2416063027053	1.3729120029701065	1.3424226808222062	1.414973347970818
51.34168756501527	1.376576957056512	1.3424226808222062	1.414973347970818
51.44176882732524	1.3783979009481377	1.3424226808222062	1.4313637641589874
51.54185008963521	1.380211241711606	1.3424226808222062	1.4313637641589874
51.64193135194518	1.380211241711606	1.3424226808222062	1.414973347970818
51.74201261425516	1.3838153659804313	1.3424226808222062	1.414973347970818
51.84209387656513	1.380211241711606	1.3424226808222062	1.414973347970818
51.9421751388751	1.3783979009481377	1.3424226808222062	1.414973347970818
52.04225640118507	1.380211241711606	1.3424226808222062	1.3979400086720377
52.14233766349504	1.3820170425748683	1.3617278360175928	1.3979400086720377
52.24241892580501	1.376576957056512	1.3617278360175928	1.3979400086720377
52.34250018811498	1.3747483460101038	1.3424226808222062	1.3979400086720377
52.44258145042495	1.3729120029701065	1.3424226808222062	1.3979400086720377
52.54266271273492	1.3692158574101427	1.3424226808222062	1.3979400086720377
52.6427439750449	1.3710678622717363	1.3424226808222062	1.3979400086720377
52.74282523735487	1.3692158574101427	1.3424226808222062	1.3979400086720377
52.84290649966484	1.3673559210260189	1.3222192947339193	1.3979400086720377
52.94298776197481	1.3654879848908996	1.3222192947339193	1.414973347970818
53.04306902428478	1.3654879848908996	1.3222192947339193	1.414973347970818
53.143150286594754	1.3579348470004537	1.3222192947339193	1.414973347970818
53.243231548904724	1.3579348470004537	1.3222192947339193	1.414973347970818
53.343312811214695	1.3560258571931227	1.3222192947339193	1.414973347970818
53.443394073524665	1.3579348470004537	1.3222192947339193	1.4471580313422192
53.54347533583464	1.3617278360175928	1.3222192947339193	1.4471580313422192
53.64355659814461	1.3617278360175928	1.3222192947339193	1.4471580313422192
53.743637860454584	1.359835482339888	1.3222192947339193	1.4471580313422192
53.843719122764554	1.3579348470004537	1.3010299956639813	1.4313637641589874
53.943800385074525	1.3617278360175928	1.3010299956639813	1.414973347970818
54.043881647384495	1.3654879848908996	1.3222192947339193	1.3979400086720377
54.143962909694466	1.3692158574101427	1.3424226808222062	1.3979400086720377
54.244044172004436	1.3710678622717363	1.3424226808222062	1.3979400086720377
54.34412543431441	1.376576957056512	1.3424226808222062	1.414973347970818
54.444206696624384	1.3783979009481377	1.3424226808222062	1.4313637641589874
54.544287958934355	1.3820170425748683	1.3424226808222062	1.4313637641589874
54.644369221244325	1.3856062735983121	1.3424226808222062	1.4313637641589874
54.744450483554296	1.3873898263387294	1.3424226808222062	1.4313637641589874
54.844531745864266	1.3856062735983121	1.3617278360175928	1.414973347970818
54.94461300817424	1.3961993470957363	1.3617278360175928	1.4313637641589874
55.04469427048421	1.4014005407815442	1.380211241711606	1.4313637641589874
55.14477553279418	1.3979400086720377	1.380211241711606	1.4313637641589874
55.24485679510415	1.3944516808262162	1.3617278360175928	1.4313637641589874
55.344938057414126	1.3944516808262162	1.3617278360175928	1.4313637641589874
55.445019319724096	1.3979400086720377	1.380211241711606	1.4313637641589874
55.54510058203407	1.3961993470957363	1.3617278360175928	1.4313637641589874
55.64518184434404	1.3944516808262162	1.3617278360175928	1.4313637641589874
55.74526310665401	1.3944516808262162	1.3617278360175928	1.4313637641589874
55.84534436896398	1.3926969532596658	1.3617278360175928	1.4313637641589874
55.94542563127395	1.3838153659804313	1.3222192947339193	1.4313637641589874
56.04550689358392	1.3873898263387294	1.3222192947339193	1.4313637641589874
56.14558815589389	1.376576957056512	1.3010299956639813	1.4313637641589874
56.24566941820387	1.3673559210260189	1.2787536009528289	1.414973347970818
56.34575068051384	1.3654879848908996	1.255272505103306	1.414973347970818
56.44583194282381	1.3617278360175928	1.255272505103306	1.414973347970818
56.54591320513378	1.3443922736851108	1.2304489213782739	1.380211241711606
56.64599446744375	1.3404441148401183	1.2304489213782739	1.380211241711606
56.74607572975372	1.334453751150931	1.255272505103306	1.380211241711606
56.84615699206369	1.3159703454569178	1.2304489213782739	1.380211241711606
56.94623825437366	1.3053513694466237	1.2041199826559248	1.380211241711606
57.04631951668363	1.294466226161593	1.2041199826559248	1.380211241711606
57.14640077899361	1.287801729930226	1.2041199826559248	1.3617278360175928
57.24648204130358	1.2787536009528289	1.2041199826559248	1.3617278360175928
57.34656330361355	1.252853030979893	1.1760912590556813	1.3222192947339193
57.44664456592352	1.2479732663618066	1.1760912590556813	1.3222192947339193
57.54672582823349	1.2405492482825997	1.1760912590556813	1.3010299956639813
57.64680709054346	1.2253092817258628	1.1760912590556813	1.2787536009528289
57.74688835285343	1.2174839442139063	1.146128035678238	1.255272505103306
57.8469696151634	1.2013971243204515	1.1139433523068367	1.255272505103306
57.94705087747337	1.1903316981702914	1.1139433523068367	1.255272505103306
58.04713213978335	1.1931245983544616	1.1139433523068367	1.255272505103306
58.14721340209332	1.1846914308175989	1.1139433523068367	1.255272505103306
58.24729466440329	1.1789769472931695	1.1139433523068367	1.255272505103306
58.34737592671326	1.167317334748176	1.0791812460476249	1.2304489213782739
58.44745718902323	1.173186268412274	1.0791812460476249	1.255272505103306
58.5475384513332	1.1702617153949575	1.0791812460476249	1.2304489213782739
58.647619713643174	1.1702617153949575	1.0791812460476249	1.2304489213782739
58.747700975953144	1.1702617153949575	1.0791812460476249	1.2304489213782739
58.847782238263115	1.1643528557844371	1.0791812460476249	1.2304489213782739
58.94786350057309	1.1553360374650619	1.0791812460476249	1.2304489213782739
59.04794476288306	1.1613680022349748	1.0791812460476249	1.2304489213782739
59.14802602519303	1.1553360374650619	1.0413926851582251	1.255272505103306
59.248107287503004	1.1522883443830565	1.0413926851582251	1.2787536009528289
59.348188549812974	1.14921911265538	1.0413926851582251	1.255272505103306
59.448269812122945	1.14921911265538	1.0413926851582251	1.255272505103306
59.548351074432915	1.14921911265538	1.0413926851582251	1.2304489213782739
59.648432336742886	1.146128035678238	1.0413926851582251	1.2041199826559248
59.748513599052856	1.1335389083702174	1.0413926851582251	1.2041199826559248
59.848594861362834	1.1367205671564067	1.0413926851582251	1.2041199826559248
59.948676123672804	1.130333768495006	1.0413926851582251	1.2041199826559248
60.048757385982775	1.130333768495006	1.0413926851582251	1.2041199826559248
60.148838648292745	1.1271047983648077	1.0413926851582251	1.2041199826559248
60.248919910602716	1.1238516409670858	1.0413926851582251	1.2041199826559248
60.349001172912686	1.110589710299249	1.0413926851582251	1.146128035678238
60.44908243522266	1.110589710299249	1.0413926851582251	1.146128035678238
60.54916369753263	1.1038037209559568	1.0413926851582251	1.146128035678238
60.6492449598426	1.100370545117563	1.0	1.146128035678238
60.749326222152575	1.1038037209559568	1.0413926851582251	1.1760912590556813
60.849407484462546	1.1072099696478683	1.0791812460476249	1.2041199826559248
60.949488746772516	1.1139433523068367	1.0791812460476249	1.2041199826559248
61.04957000908249	1.1038037209559568	1.0791812460476249	1.1760912590556813
61.14965127139246	1.100370545117563	1.0413926851582251	1.1760912590556813
61.24973253370243	1.0934216851622351	1.0413926851582251	1.146128035678238
61.3498137960124	1.0934216851622351	1.0	1.146128035678238
61.44989505832237	1.1038037209559568	1.0	1.1760912590556813
61.54997632063234	1.1038037209559568	1.0	1.1760912590556813
61.65005758294232	1.1072099696478683	1.0	1.1760912590556813
61.75013884525229	1.1038037209559568	1.0	1.1760912590556813
61.85022010756226	1.1072099696478683	1.0	1.1760912590556813
61.95030136987223	1.1205739312058498	1.0	1.2041199826559248
62.0503826321822	1.1238516409670858	1.0	1.2041199826559248
62.15046389449217	1.1139433523068367	1.0	1.2041199826559248
62.25054515680214	1.110589710299249	1.0	1.1760912590556813
62.35062641911211	1.1238516409670858	1.0791812460476249	1.1760912590556813
62.45070768142208	1.1238516409670858	1.0791812460476249	1.146128035678238
62.55078894373206	1.1205739312058498	1.0791812460476249	1.1760912590556813
62.65087020604203	1.1335389083702174	1.0791812460476249	1.1760912590556813
62.750951468352	1.1367205671564067	1.1139433523068367	1.1760912590556813
62.85103273066197	1.1238516409670858	1.0791812460476249	1.146128035678238
62.95111399297194	1.1072099696478683	1.0413926851582251	1.146128035678238
63.05119525528191	1.08278537031645	1.0413926851582251	1.1139433523068367
63.15127651759188	1.0681858617461617	1.0413926851582251	1.1139433523068367
63.25135777990185	1.0530784434834197	0.9542425094393249	1.0791812460476249
63.35143904221182	1.0413926851582251	0.9542425094393249	1.0791812460476249
63.4515203045218	1.0413926851582251	0.9542425094393249	1.0791812460476249
63.55160156683177	1.0334237554869496	0.9542425094393249	1.0791812460476249
63.65168282914174	1.0293837776852097	0.9542425094393249	1.0791812460476249
63.75176409145171	1.021189299069938	0.9542425094393249	1.0791812460476249
63.85184535376168	1.0128372247051722	0.9542425094393249	1.0791812460476249
63.95192661607165	1.0086001717619175	0.9030899869919435	1.0791812460476249
64.05200787838163	1.0043213737826426	0.9030899869919435	1.0791812460476249
64.1520891406916	1.0043213737826426	0.9030899869919435	1.0791812460476249
64.25217040300157	1.0043213737826426	0.9030899869919435	1.0791812460476249
64.35225166531154	0.9912260756924949	0.9030899869919435	1.0413926851582251
64.45233292762151	0.9912260756924949	0.9030899869919435	1.0413926851582251
64.55241418993148	0.9956351945975499	0.9030899869919435	1.0791812460476249
64.65249545224145	1.0	0.9030899869919435	1.0791812460476249
64.75257671455142	1.0086001717619175	0.8450980400142568	1.1139433523068367
64.8526579768614	1.0043213737826426	0.8450980400142568	1.1139433523068367
64.95273923917136	1.0	0.8450980400142568	1.1139433523068367
65.05282050148134	0.9777236052888477	0.8450980400142568	1.0791812460476249
65.1529017637913	0.9684829485539351	0.8450980400142568	1.0791812460476249
65.25298302610128	0.9637878273455552	0.8450980400142568	1.0791812460476249
65.35306428841125	0.9542425094393249	0.8450980400142568	1.0791812460476249
65.45314555072122	0.9493900066449128	0.8450980400142568	1.0413926851582251
65.55322681303119	0.9493900066449128	0.8450980400142568	1.0413926851582251
65.65330807534117	0.9493900066449128	0.8450980400142568	1.0413926851582251
65.75338933765114	0.9444826721501687	0.8450980400142568	1.0413926851582251
65.85347059996111	0.9444826721501687	0.8450980400142568	1.0413926851582251
65.95355186227108	0.9294189257142927	0.8450980400142568	1.0413926851582251
66.05363312458105	0.919078092376074	0.8450980400142568	1.0
66.15371438689102	0.9294189257142927	0.8450980400142568	1.0413926851582251
66.253795649201	0.9242792860618817	0.7781512503836436	1.0413926851582251
66.35387691151097	0.9493900066449128	0.8450980400142568	1.0413926851582251
66.45395817382094	0.9395192526186185	0.8450980400142568	1.0413926851582251
66.5540394361309	0.9344984512435677	0.8450980400142568	1.0
66.65412069844088	0.9344984512435677	0.8450980400142568	1.0413926851582251
66.75420196075085	0.9344984512435677	0.8450980400142568	1.0413926851582251
66.85428322306082	0.9294189257142927	0.8450980400142568	1.0791812460476249
66.95436448537079	0.9395192526186185	0.8450980400142568	1.1139433523068367
67.05444574768076	0.9493900066449128	0.8450980400142568	1.1139433523068367
67.15452700999073	0.9242792860618817	0.7781512503836436	1.1139433523068367
67.2546082723007	0.8920946026904804	0.6989700043360189	1.0
67.35468953461067	0.9084850188786497	0.7781512503836436	1.0
67.45477079692066	0.9138138523837167	0.7781512503836436	1.0413926851582251
67.55485205923063	0.8864907251724818	0.6989700043360189	1.0
67.6549333215406	0.8864907251724818	0.6989700043360189	1.0
67.75501458385057	0.8808135922807914	0.7781512503836436	1.0
67.85509584616054	0.8808135922807914	0.7781512503836436	0.9542425094393249
67.95517710847051	0.8450980400142568	0.6020599913279624	0.9542425094393249
68.05525837078048	0.8325089127062363	0.6020599913279624	0.9030899869919435
68.15533963309045	0.8512583487190752	0.7781512503836436	0.9030899869919435
68.25542089540042	0.8512583487190752	0.6989700043360189	0.9030899869919435
68.35550215771039	0.8573324964312685	0.7781512503836436	0.9542425094393249
68.45558342002036	0.8750612633917001	0.6989700043360189	0.9542425094393249
68.55566468233033	0.9030899869919435	0.6989700043360189	1.0
68.6557459446403	0.8976270912904415	0.6989700043360189	1.0
68.75582720695027	0.8750612633917001	0.6020599913279624	0.9542425094393249
68.85590846926024	0.8573324964312685	0.6989700043360189	0.9542425094393249
68.95598973157021	0.8512583487190752	0.6989700043360189	0.9542425094393249
69.05607099388018	0.8325089127062363	0.6989700043360189	0.9542425094393249
69.15615225619015	0.7993405494535817	0.6020599913279624	0.9542425094393249
69.25623351850014	0.7781512503836436	0.6020599913279624	0.9030899869919435
69.35631478081011	0.7781512503836436	0.6020599913279624	0.9030899869919435
69.45639604312008	0.7558748556724915	0.6020599913279624	0.8450980400142568
69.55647730543005	0.7558748556724915	0.6020599913279624	0.9030899869919435
69.65655856774002	0.724275869600789	0.6020599913279624	0.9030899869919435
69.75663983004999	0.724275869600789	0.6020599913279624	0.9030899869919435
69.85672109235996	0.7075701760979364	0.6020599913279624	0.8450980400142568
69.95680235466993	0.7160033436347992	0.6020599913279624	0.8450980400142568
70.0568836169799	0.7075701760979364	0.6020599913279624	0.8450980400142568
70.15696487928987	0.6901960800285137	0.6020599913279624	0.7781512503836436
70.25704614159984	0.7075701760979364	0.6020599913279624	0.7781512503836436
70.35712740390981	0.6901960800285137	0.6020599913279624	0.7781512503836436
70.45720866621978	0.6901960800285137	0.47712125471966244	0.7781512503836436
70.55728992852976	0.6901960800285137	0.47712125471966244	0.7781512503836436
70.65737119083973	0.6812412373755872	0.47712125471966244	0.7781512503836436
70.7574524531497	0.6812412373755872	0.6020599913279624	0.7781512503836436
70.85753371545967	0.6532125137753437	0.47712125471966244	0.7781512503836436
70.95761497776964	0.6627578316815741	0.47712125471966244	0.7781512503836436
71.05769624007962	0.6812412373755872	0.47712125471966244	0.7781512503836436
71.15777750238959	0.6812412373755872	0.47712125471966244	0.7781512503836436
71.25785876469956	0.6901960800285137	0.47712125471966244	0.7781512503836436
71.35794002700953	0.6989700043360189	0.47712125471966244	0.7781512503836436
71.4580212893195	0.6901960800285137	0.47712125471966244	0.7781512503836436
71.55810255162947	0.6812412373755872	0.47712125471966244	0.7781512503836436
71.65818381393944	0.6901960800285137	0.6020599913279624	0.7781512503836436
71.75826507624942	0.6720978579357175	0.6020599913279624	0.7781512503836436
71.85834633855939	0.6720978579357175	0.6020599913279624	0.7781512503836436
71.95842760086936	0.6812412373755872	0.6020599913279624	0.7781512503836436
72.05850886317933	0.6812412373755872	0.47712125471966244	0.7781512503836436
72.1585901254893	0.6901960800285137	0.47712125471966244	0.7781512503836436
72.25867138779927	0.7075701760979364	0.47712125471966244	0.7781512503836436
72.35875265010924	0.7160033436347992	0.47712125471966244	0.7781512503836436
72.45883391241921	0.7160033436347992	0.47712125471966244	0.8450980400142568
72.55891517472918	0.724275869600789	0.47712125471966244	0.8450980400142568
72.65899643703915	0.724275869600789	0.47712125471966244	0.8450980400142568
72.75907769934912	0.7403626894942439	0.6020599913279624	0.8450980400142568
72.8591589616591	0.7558748556724915	0.6020599913279624	0.8450980400142568
72.95924022396908	0.7558748556724915	0.6020599913279624	0.9030899869919435
73.05932148627905	0.7634279935629372	0.6020599913279624	0.9030899869919435
73.15940274858902	0.7781512503836436	0.6020599913279624	0.9030899869919435
73.25948401089899	0.7923916894982539	0.6020599913279624	0.9030899869919435
73.35956527320896	0.8195439355418687	0.6989700043360189	0.9542425094393249
73.45964653551893	0.8061799739838872	0.6989700043360189	0.9542425094393249
73.5597277978289	0.8129133566428556	0.6989700043360189	1.0
73.65980906013887	0.8129133566428556	0.6020599913279624	0.9542425094393249
73.75989032244884	0.8195439355418687	0.6020599913279624	0.9542425094393249
73.85997158475881	0.8260748027008264	0.6989700043360189	0.9542425094393249
73.96005284706878	0.8325089127062363	0.7781512503836436	0.9542425094393249
74.06013410937875	0.8325089127062363	0.7781512503836436	0.9542425094393249
74.16021537168872	0.8260748027008264	0.7781512503836436	0.9542425094393249
74.26029663399869	0.8260748027008264	0.7781512503836436	0.9542425094393249
74.36037789630866	0.8260748027008264	0.7781512503836436	0.9542425094393249
74.46045915861863	0.8195439355418687	0.6989700043360189	0.9542425094393249
74.5605404209286	0.8195439355418687	0.6989700043360189	0.9030899869919435
74.66062168323859	0.8260748027008264	0.6989700043360189	0.9030899869919435
74.76070294554856	0.8450980400142568	0.7781512503836436	0.9030899869919435
74.86078420785853	0.8633228601204559	0.7781512503836436	0.9542425094393249
74.9608654701685	0.8692317197309762	0.7781512503836436	0.9542425094393249
75.06094673247847	0.8633228601204559	0.7781512503836436	0.9542425094393249
75.16102799478844	0.8512583487190752	0.7781512503836436	0.9542425094393249
75.26110925709841	0.8512583487190752	0.7781512503836436	0.9542425094393249
75.36119051940838	0.8512583487190752	0.7781512503836436	0.9542425094393249
75.46127178171835	0.8633228601204559	0.7781512503836436	0.9542425094393249
75.56135304402832	0.8633228601204559	0.7781512503836436	0.9542425094393249
75.6614343063383	0.8573324964312685	0.7781512503836436	0.9542425094393249
75.76151556864826	0.8633228601204559	0.7781512503836436	0.9542425094393249
75.86159683095823	0.8573324964312685	0.7781512503836436	0.9542425094393249
75.9616780932682	0.8633228601204559	0.7781512503836436	0.9542425094393249
76.06175935557818	0.8864907251724818	0.7781512503836436	1.0
76.16184061788815	0.8920946026904804	0.7781512503836436	0.9542425094393249
76.26192188019812	0.8976270912904415	0.8450980400142568	0.9542425094393249
76.36200314250809	0.9030899869919435	0.8450980400142568	0.9542425094393249
76.46208440481807	0.9030899869919435	0.8450980400142568	0.9542425094393249
76.56216566712804	0.9084850188786497	0.8450980400142568	0.9542425094393249
76.66224692943801	0.9030899869919435	0.8450980400142568	0.9542425094393249
76.76232819174798	0.9084850188786497	0.8450980400142568	0.9542425094393249
76.86240945405795	0.8976270912904415	0.8450980400142568	0.9542425094393249
76.96249071636792	0.8920946026904804	0.8450980400142568	0.9542425094393249
77.0625719786779	0.8976270912904415	0.8450980400142568	1.0
77.16265324098786	0.8976270912904415	0.8450980400142568	1.0
77.26273450329784	0.8976270912904415	0.8450980400142568	1.0
77.3628157656078	0.8976270912904415	0.8450980400142568	1.0
77.46289702791778	0.9030899869919435	0.8450980400142568	1.0
77.56297829022775	0.9030899869919435	0.8450980400142568	1.0
77.66305955253772	0.8808135922807914	0.8450980400142568	1.0
77.76314081484769	0.8750612633917001	0.8450980400142568	0.9542425094393249
77.86322207715766	0.8750612633917001	0.7781512503836436	0.9542425094393249
77.96330333946763	0.8692317197309762	0.7781512503836436	0.9542425094393249
78.0633846017776	0.8692317197309762	0.7781512503836436	0.9030899869919435
78.16346586408757	0.8750612633917001	0.7781512503836436	0.9542425094393249
78.26354712639755	0.8864907251724818	0.7781512503836436	0.9542425094393249
78.36362838870753	0.8976270912904415	0.8450980400142568	0.9542425094393249
78.4637096510175	0.8976270912904415	0.8450980400142568	1.0
78.56379091332747	0.8864907251724818	0.7781512503836436	1.0
78.66387217563744	0.8692317197309762	0.7781512503836436	0.9542425094393249
78.76395343794741	0.8750612633917001	0.7781512503836436	0.9542425094393249
78.86403470025738	0.8692317197309762	0.7781512503836436	0.9542425094393249
78.96411596256735	0.8750612633917001	0.7781512503836436	0.9542425094393249
79.06419722487732	0.8750612633917001	0.7781512503836436	1.0
79.16427848718729	0.8920946026904804	0.7781512503836436	1.0
79.26435974949726	0.9030899869919435	0.7781512503836436	1.0
79.36444101180723	0.8976270912904415	0.7781512503836436	1.0
79.4645222741172	0.9030899869919435	0.7781512503836436	1.0
79.56460353642717	0.919078092376074	0.8450980400142568	1.0
79.66468479873714	0.919078092376074	0.8450980400142568	1.0413926851582251
79.76476606104711	0.9242792860618817	0.8450980400142568	1.0413926851582251
79.86484732335708	0.9242792860618817	0.7781512503836436	1.0413926851582251
79.96492858566705	0.9242792860618817	0.7781512503836436	1.0413926851582251
80.06500984797704	0.9138138523837167	0.7781512503836436	1.0413926851582251
80.16509111028701	0.8864907251724818	0.7781512503836436	1.0
80.26517237259698	0.8512583487190752	0.6989700043360189	0.9542425094393249
80.36525363490695	0.8573324964312685	0.6989700043360189	1.0
80.46533489721692	0.8573324964312685	0.6989700043360189	0.9542425094393249
80.56541615952689	0.8512583487190752	0.6989700043360189	0.9542425094393249
80.66549742183686	0.8450980400142568	0.6989700043360189	0.9542425094393249
80.76557868414683	0.8633228601204559	0.7781512503836436	1.0
80.8656599464568	0.8450980400142568	0.7781512503836436	0.9542425094393249
80.96574120876677	0.8573324964312685	0.7781512503836436	0.9030899869919435
81.06582247107674	0.8573324964312685	0.7781512503836436	1.0
81.16590373338671	0.8692317197309762	0.7781512503836436	1.0
81.26598499569668	0.8633228601204559	0.7781512503836436	1.0
81.36606625800665	0.8512583487190752	0.7781512503836436	0.9542425094393249
81.46614752031662	0.8450980400142568	0.7781512503836436	0.9542425094393249
81.5662287826266	0.8129133566428556	0.6989700043360189	0.9542425094393249
81.66631004493657	0.785329835010767	0.6989700043360189	0.8450980400142568
81.76639130724654	0.7708520116421442	0.6989700043360189	0.8450980400142568
81.86647256955652	0.7634279935629372	0.6020599913279624	0.8450980400142568
81.96655383186649	0.7323937598229685	0.6020599913279624	0.8450980400142568
82.06663509417646	0.6901960800285137	0.47712125471966244	0.7781512503836436
82.16671635648643	0.6812412373755872	0.47712125471966244	0.7781512503836436
82.2667976187964	0.6720978579357175	0.47712125471966244	0.7781512503836436
82.36687888110637	0.6720978579357175	0.47712125471966244	0.7781512503836436
82.46696014341634	0.6720978579357175	0.47712125471966244	0.7781512503836436
82.56704140572631	0.6627578316815741	0.47712125471966244	0.7781512503836436
82.66712266803628	0.6434526764861874	0.47712125471966244	0.7781512503836436
82.76720393034626	0.6232492903979004	0.47712125471966244	0.7781512503836436
82.86728519265623	0.5797835966168101	0.47712125471966244	0.6989700043360189
82.9673664549662	0.6020599913279624	0.47712125471966244	0.6989700043360189
83.06744771727617	0.6020599913279624	0.47712125471966244	0.6989700043360189
83.16752897958614	0.5910646070264992	0.47712125471966244	0.7781512503836436
83.26761024189611	0.568201724066995	0.3010299956639812	0.7781512503836436
83.36769150420608	0.568201724066995	0.3010299956639812	0.7781512503836436
83.46777276651605	0.568201724066995	0.3010299956639812	0.7781512503836436
83.56785402882602	0.568201724066995	0.3010299956639812	0.7781512503836436
83.667935291136	0.5563025007672873	0.3010299956639812	0.7781512503836436
83.76801655344597	0.5314789170422551	0.3010299956639812	0.6989700043360189
83.86809781575595	0.5314789170422551	0.0	0.6989700043360189
83.96817907806592	0.5440680443502757	0.3010299956639812	0.6989700043360189
84.06826034037589	0.5314789170422551	0.0	0.6989700043360189
84.16834160268586	0.5314789170422551	0.0	0.6989700043360189
84.26842286499583	0.5314789170422551	0.0	0.6989700043360189
84.3685041273058	0.505149978319906	0.0	0.6989700043360189
84.46858538961577	0.47712125471966244	0.0	0.6020599913279624
84.56866665192574	0.4471580313422192	0.0	0.6020599913279624
84.66874791423571	0.43136376415898736	0.0	0.6020599913279624
84.76882917654568	0.414973347970818	0.0	0.6020599913279624
84.86891043885565	0.3424226808222063	0.0	0.47712125471966244
84.96899170116562	0.2787536009528289	0.0	0.47712125471966244
85.06907296347559	0.25527250510330607	0.0	0.47712125471966244
85.16915422578556	0.2787536009528289	-inf	0.6020599913279624
85.26923548809553	0.3010299956639812	-inf	0.6020599913279624
85.3693167504055	0.3222192947339193	0.0	0.6020599913279624
85.46939801271549	0.3222192947339193	0.0	0.6020599913279624
85.56947927502546	0.3010299956639812	0.0	0.6020599913279624
85.66956053733543	0.2787536009528289	0.0	0.47712125471966244
85.7696417996454	0.2304489213782739	0.0	0.47712125471966244
85.86972306195537	0.17609125905568124	0.0	0.3010299956639812
85.96980432426534	0.146128035678238	0.0	0.3010299956639812
86.06988558657531	0.07918124604762482	-inf	0.3010299956639812
86.16996684888528	0.04139268515822508	-inf	0.3010299956639812
86.27004811119525	0.04139268515822508	-inf	0.3010299956639812
86.37012937350522	0.04139268515822508	-inf	0.3010299956639812
86.47021063581519	-0.045757490560675115	-inf	0.3010299956639812
86.57029189812516	-0.1549019599857432	-inf	0.3010299956639812
86.67037316043513	-0.2218487496163564	-inf	0.3010299956639812
86.7704544227451	-0.2218487496163564	-inf	0.3010299956639812
86.87053568505507	-0.3010299956639812	-inf	0.3010299956639812
86.97061694736504	-0.3010299956639812	-inf	0.3010299956639812
87.07069820967502	-0.3010299956639812	-inf	0.3010299956639812
87.17077947198499	-0.2218487496163564	-inf	0.47712125471966244
87.27086073429497	-0.2218487496163564	-inf	0.47712125471966244
87.37094199660494	-0.1549019599857432	-inf	0.47712125471966244
87.47102325891491	-0.045757490560675115	-inf	0.47712125471966244
87.57110452122488	0.04139268515822508	-inf	0.47712125471966244
87.67118578353485	0.17609125905568124	-inf	0.47712125471966244
87.77126704584482	0.3222192947339193	0.0	0.47712125471966244
87.8713483081548	0.38021124171160603	0.3010299956639812	0.6020599913279624
87.97142957046476	0.3222192947339193	0.0	0.47712125471966244
88.07151083277473	0.2787536009528289	-inf	0.47712125471966244
88.1715920950847	0.17609125905568124	-inf	0.47712125471966244
88.27167335739468	0.146128035678238	-inf	0.47712125471966244
88.37175461970465	0.146128035678238	-inf	0.47712125471966244
88.47183588201462	0.17609125905568124	-inf	0.47712125471966244
88.57191714432459	0.2041199826559248	-inf	0.6020599913279624
88.67199840663456	0.146128035678238	-inf	0.6020599913279624
88.77207966894453	0.04139268515822508	-inf	0.47712125471966244
88.8721609312545	-0.09691001300805639	-inf	0.47712125471966244
88.97224219356447	-0.1549019599857432	-inf	0.3010299956639812
89.07232345587445	-0.045757490560675115	-inf	0.3010299956639812
89.17240471818442	-0.1549019599857432	-inf	0.3010299956639812
89.2724859804944	-0.09691001300805639	-inf	0.3010299956639812
89.37256724280437	-0.09691001300805639	-inf	0.3010299956639812
89.47264850511434	-0.045757490560675115	-inf	0.3010299956639812
89.5727297674243	0.0	-inf	0.3010299956639812
89.67281102973428	0.04139268515822508	-inf	0.3010299956639812
89.77289229204425	0.07918124604762482	0.0	0.3010299956639812
89.87297355435422	0.07918124604762482	0.0	0.3010299956639812
89.97305481666419	0.07918124604762482	0.0	0.3010299956639812
90.07313607897416	0.11394335230683679	0.0	0.3010299956639812
90.17321734128413	0.146128035678238	0.0	0.3010299956639812
90.2732986035941	0.17609125905568124	0.0	0.3010299956639812
90.37337986590407	0.17609125905568124	0.0	0.3010299956639812
90.47346112821404	0.2304489213782739	0.0	0.47712125471966244
90.57354239052401	0.2304489213782739	0.0	0.47712125471966244
90.67362365283398	0.2304489213782739	0.0	0.47712125471966244
90.77370491514395	0.2304489213782739	0.0	0.47712125471966244
90.87378617745394	0.25527250510330607	0.0	0.47712125471966244
90.97386743976391	0.2787536009528289	0.0	0.47712125471966244
91.07394870207388	0.3010299956639812	0.0	0.47712125471966244
91.17402996438385	0.36172783601759284	0.0	0.6020599913279624
91.27411122669382	0.414973347970818	0.0	0.6020599913279624
91.37419248900379	0.4913616938342727	0.3010299956639812	0.6020599913279624
91.47427375131376	0.4913616938342727	0.3010299956639812	0.6020599913279624
91.57435501362373	0.4471580313422192	0.3010299956639812	0.6020599913279624
91.6744362759337	0.43136376415898736	0.3010299956639812	0.6020599913279624
91.77451753824367	0.414973347970818	0.3010299956639812	0.6020599913279624
91.87459880055364	0.43136376415898736	0.3010299956639812	0.6020599913279624
91.97468006286361	0.4471580313422192	0.3010299956639812	0.6020599913279624
92.07476132517358	0.414973347970818	0.3010299956639812	0.6020599913279624
92.17484258748355	0.38021124171160603	0.0	0.6020599913279624
92.27492384979352	0.36172783601759284	0.0	0.47712125471966244
92.3750051121035	0.38021124171160603	0.3010299956639812	0.47712125471966244
92.47508637441346	0.414973347970818	0.3010299956639812	0.6020599913279624
92.57516763672344	0.4471580313422192	0.3010299956639812	0.6020599913279624
92.67524889903342	0.43136376415898736	0.3010299956639812	0.6020599913279624
92.77533016134339	0.4471580313422192	0.0	0.6020599913279624
92.87541142365336	0.4623979978989561	0.0	0.6020599913279624
92.97549268596333	0.4623979978989561	0.0	0.6020599913279624
93.0755739482733	0.4913616938342727	0.3010299956639812	0.6020599913279624
93.17565521058327	0.505149978319906	0.47712125471966244	0.6020599913279624
93.27573647289324	0.47712125471966244	0.3010299956639812	0.6020599913279624
93.37581773520321	0.4623979978989561	0.3010299956639812	0.6020599913279624
93.47589899751318	0.4471580313422192	0.3010299956639812	0.6020599913279624
93.57598025982315	0.43136376415898736	0.3010299956639812	0.6020599913279624
93.67606152213312	0.3979400086720376	0.3010299956639812	0.47712125471966244
93.7761427844431	0.3979400086720376	0.3010299956639812	0.47712125471966244
93.87622404675307	0.38021124171160603	0.3010299956639812	0.47712125471966244
93.97630530906304	0.38021124171160603	0.3010299956639812	0.47712125471966244
94.076386571373	0.38021124171160603	0.3010299956639812	0.47712125471966244
94.17646783368298	0.36172783601759284	0.3010299956639812	0.47712125471966244
94.27654909599295	0.3222192947339193	0.3010299956639812	0.47712125471966244
94.37663035830292	0.3222192947339193	0.3010299956639812	0.47712125471966244
94.4767116206129	0.3222192947339193	0.3010299956639812	0.47712125471966244
94.57679288292287	0.3010299956639812	0.0	0.47712125471966244
94.67687414523284	0.2787536009528289	0.0	0.47712125471966244
94.77695540754281	0.2304489213782739	0.0	0.3010299956639812
94.87703666985279	0.2787536009528289	0.0	0.47712125471966244
94.97711793216276	0.2787536009528289	0.0	0.47712125471966244
95.07719919447273	0.2787536009528289	0.0	0.47712125471966244
95.1772804567827	0.25527250510330607	0.0	0.47712125471966244
95.27736171909267	0.2787536009528289	0.0	0.47712125471966244
95.37744298140264	0.25527250510330607	0.0	0.47712125471966244
95.47752424371261	0.2787536009528289	0.0	0.47712125471966244
95.57760550602258	0.3010299956639812	0.0	0.47712125471966244
95.67768676833255	0.3010299956639812	0.0	0.47712125471966244
95.77776803064252	0.3010299956639812	0.0	0.47712125471966244
95.87784929295249	0.25527250510330607	0.0	0.47712125471966244
95.97793055526246	0.3222192947339193	0.0	0.47712125471966244
96.07801181757243	0.3222192947339193	0.0	0.47712125471966244
96.1780930798824	0.3222192947339193	0.0	0.47712125471966244
96.27817434219239	0.3424226808222063	0.3010299956639812	0.47712125471966244
96.37825560450236	0.3222192947339193	0.3010299956639812	0.47712125471966244
96.47833686681233	0.3222192947339193	0.3010299956639812	0.47712125471966244
96.5784181291223	0.3222192947339193	0.3010299956639812	0.47712125471966244
96.67849939143227	0.3010299956639812	0.3010299956639812	0.3010299956639812
96.77858065374224	0.3010299956639812	0.3010299956639812	0.3010299956639812
96.87866191605221	0.3010299956639812	0.3010299956639812	0.3010299956639812
96.97874317836218	0.3010299956639812	0.3010299956639812	0.3010299956639812
97.07882444067215	0.3010299956639812	0.3010299956639812	0.3010299956639812
97.17890570298212	0.2787536009528289	0.0	0.3010299956639812
97.27898696529209	0.25527250510330607	0.0	0.3010299956639812
97.37906822760206	0.25527250510330607	0.0	0.3010299956639812
97.47914948991203	0.2041199826559248	0.0	0.3010299956639812
97.579230752222	0.2041199826559248	0.0	0.3010299956639812
97.67931201453197	0.2041199826559248	0.0	0.3010299956639812
97.77939327684194	0.17609125905568124	0.0	0.3010299956639812
97.87947453915191	0.2041199826559248	0.0	0.47712125471966244
97.97955580146188	0.2041199826559248	0.0	0.47712125471966244
98.07963706377187	0.2304489213782739	0.0	0.47712125471966244
98.17971832608184	0.2041199826559248	0.0	0.47712125471966244
98.27979958839181	0.2041199826559248	0.0	0.47712125471966244
98.37988085070178	0.2041199826559248	0.0	0.47712125471966244
98.47996211301175	0.2787536009528289	0.0	0.47712125471966244
98.58004337532172	0.2787536009528289	0.0	0.47712125471966244
98.68012463763169	0.2787536009528289	0.0	0.47712125471966244
98.78020589994166	0.2787536009528289	0.0	0.47712125471966244
98.88028716225163	0.2787536009528289	0.0	0.47712125471966244
98.9803684245616	0.2787536009528289	0.0	0.47712125471966244
99.08044968687157	0.3222192947339193	0.3010299956639812	0.47712125471966244
99.18053094918154	0.3424226808222063	0.3010299956639812	0.47712125471966244
99.28061221149152	0.3424226808222063	0.3010299956639812	0.47712125471966244
99.38069347380149	0.3222192947339193	0.3010299956639812	0.47712125471966244
99.48077473611146	0.3010299956639812	0.3010299956639812	0.3010299956639812
99.58085599842143	0.2787536009528289	0.0	0.3010299956639812
99.6809372607314	0.2787536009528289	0.0	0.3010299956639812
99.78101852304137	0.2787536009528289	0.0	0.3010299956639812
99.88109978535135	0.25527250510330607	0.0	0.3010299956639812
99.98118104766132	0.2304489213782739	0.0	0.3010299956639812
100.0812623099713	0.146128035678238	0.0	0.3010299956639812
100.18134357228126	0.11394335230683679	0.0	0.3010299956639812
100.28142483459123	0.07918124604762482	0.0	0.3010299956639812
100.3815060969012	0.07918124604762482	0.0	0.3010299956639812
100.48158735921118	0.0	-inf	0.3010299956639812
100.58166862152115	-0.5228787452803376	-inf	0.0
100.68174988383112	-0.6989700043360187	-inf	0.0
100.78183114614109	-1.0	-inf	0.0
100.88191240845106	-1.0	-inf	0.0
100.98199367076103	-1.0	-inf	0.0
101.082074933071	-1.0	-inf	0.0
101.18215619538097	-inf	-inf	-inf
101.28223745769094	-inf	-inf	-inf
101.38231872000091	-inf	-inf	-inf
101.48239998231088	-inf	-inf	-inf
101.58248124462085	-inf	-inf	-inf
101.68256250693084	-inf	-inf	-inf
101.7826437692408	-inf	-inf	-inf
101.88272503155078	-inf	-inf	-inf
101.98280629386075	-inf	-inf	-inf
102.08288755617072	-inf	-inf	-inf
102.18296881848069	-inf	-inf	-inf
102.28305008079066	-inf	-inf	-inf
102.38313134310063	-inf	-inf	-inf
102.4832126054106	-inf	-inf	-inf
102.58329386772057	-inf	-inf	-inf
102.68337513003054	-inf	-inf	-inf
102.78345639234051	-inf	-inf	-inf
102.88353765465048	-inf	-inf	-inf
102.98361891696045	-inf	-inf	-inf
103.08370017927042	-inf	-inf	-inf
103.1837814415804	-inf	-inf	-inf
103.28386270389036	-inf	-inf	-inf
103.38394396620035	-inf	-inf	-inf
103.48402522851032	-inf	-inf	-inf
103.58410649082029	-inf	-inf	-inf
103.68418775313026	-inf	-inf	-inf
103.78426901544023	-inf	-inf	-inf
103.8843502777502	-inf	-inf	-inf
103.98443154006017	-inf	-inf	-inf
104.08451280237014	-inf	-inf	-inf
104.18459406468011	-inf	-inf	-inf
104.28467532699008	-inf	-inf	-inf
104.38475658930005	-inf	-inf	-inf
104.48483785161002	-inf	-inf	-inf
104.58491911392	-inf	-inf	-inf
104.68500037622997	-inf	-inf	-inf
104.78508163853994	-inf	-inf	-inf
104.8851629008499	-inf	-inf	-inf
104.98524416315988	-inf	-inf	-inf
105.08532542546985	-inf	-inf	-inf
105.18540668777983	-inf	-inf	-inf
105.2854879500898	-inf	-inf	-inf
105.38556921239977	-inf	-inf	-inf
105.48565047470974	-inf	-inf	-inf
105.58573173701971	-inf	-inf	-inf
105.68581299932968	-inf	-inf	-inf
105.78589426163965	-inf	-inf	-inf
105.88597552394963	-inf	-inf	-inf
105.9860567862596	-inf	-inf	-inf
106.08613804856957	-inf	-inf	-inf
106.18621931087954	-inf	-inf	-inf
106.28630057318951	-inf	-inf	-inf
106.38638183549948	-inf	-inf	-inf
106.48646309780945	-inf	-inf	-inf
106.58654436011942	-inf	-inf	-inf
106.68662562242939	-inf	-inf	-inf
106.78670688473936	-inf	-inf	-inf
106.88678814704933	-inf	-inf	-inf
106.98686940935931	-inf	-inf	-inf
107.08695067166929	-inf	-inf	-inf
107.18703193397926	-inf	-inf	-inf
107.28711319628923	-inf	-inf	-inf
107.3871944585992	-inf	-inf	-inf
107.48727572090917	-inf	-inf	-inf
107.58735698321914	-inf	-inf	-inf
107.68743824552911	-inf	-inf	-inf
107.78751950783908	-inf	-inf	-inf
107.88760077014905	-inf	-inf	-inf
107.98768203245902	-inf	-inf	-inf
108.08776329476899	-inf	-inf	-inf
108.18784455707896	-inf	-inf	-inf
108.28792581938893	-inf	-inf	-inf
108.3880070816989	-1.0	-inf	0.0
108.48808834400887	-1.0	-inf	0.0
108.58816960631884	-1.0	-inf	0.0
108.68825086862881	-1.0	-inf	0.0
108.7883321309388	-1.0	-inf	0.0
108.88841339324877	-1.0	-inf	0.0
108.98849465555874	-0.6989700043360187	-inf	0.0
109.08857591786871	-0.3979400086720376	-inf	0.0
109.18865718017868	-0.3010299956639812	-inf	0.0
109.28873844248865	-0.09691001300805639	-inf	0.0
109.38881970479862	-0.045757490560675115	-inf	0.0
109.48890096710859	-0.3979400086720376	-inf	0.0
109.58898222941856	-0.6989700043360187	-inf	0.0
109.68906349172853	-inf	-inf	-inf
109.7891447540385	-inf	-inf	-inf
109.88922601634847	-inf	-inf	-inf
109.98930727865844	-inf	-inf	-inf
110.08938854096841	-inf	-inf	-inf
110.18946980327839	-inf	-inf	-inf
110.28955106558836	-inf	-inf	-inf
110.38963232789833	-inf	-inf	-inf
110.4897135902083	-inf	-inf	-inf
110.58979485251828	-inf	-inf	-inf
110.68987611482825	-inf	-inf	-inf
110.78995737713822	-inf	-inf	-inf
110.89003863944819	-inf	-inf	-inf
110.99011990175816	-inf	-inf	-inf
111.09020116406813	-inf	-inf	-inf
111.1902824263781	-1.0	-inf	0.0
111.29036368868807	-1.0	-inf	0.0
111.39044495099805	-1.0	-inf	0.0
111.49052621330802	-1.0	-inf	0.0
111.59060747561799	-0.3010299956639812	-inf	0.0
111.69068873792796	-0.045757490560675115	-inf	0.0
111.79077000023793	-0.1549019599857432	-inf	0.0
111.8908512625479	-0.5228787452803376	-inf	0.0
111.99093252485787	-1.0	-inf	0.0
112.09101378716784	-inf	-inf	-inf
112.19109504947781	-inf	-inf	-inf
112.29117631178778	-inf	-inf	-inf
112.39125757409776	-inf	-inf	-inf
112.49133883640773	-inf	-inf	-inf
112.5914200987177	-inf	-inf	-inf
112.69150136102768	-inf	-inf	-inf
112.79158262333765	-inf	-inf	-inf
112.89166388564762	-inf	-inf	-inf
112.99174514795759	-inf	-inf	-inf
113.09182641026756	-inf	-inf	-inf
113.19190767257753	-inf	-inf	-inf
113.2919889348875	-inf	-inf	-inf
113.39207019719747	-inf	-inf	-inf
113.49215145950744	-inf	-inf	-inf
113.59223272181741	-inf	-inf	-inf
113.69231398412738	-inf	-inf	-inf
113.79239524643735	-inf	-inf	-inf
113.89247650874732	-inf	-inf	-inf
113.99255777105729	-inf	-inf	-inf
114.09263903336726	-inf	-inf	-inf
114.19272029567725	-inf	-inf	-inf
114.29280155798722	-inf	-inf	-inf
114.39288282029719	-inf	-inf	-inf
114.49296408260716	-inf	-inf	-inf
114.59304534491713	-inf	-inf	-inf
114.6931266072271	-inf	-inf	-inf
114.79320786953707	-inf	-inf	-inf
114.89328913184704	-inf	-inf	-inf
114.99337039415701	-inf	-inf	-inf
115.09345165646698	-inf	-inf	-inf
115.19353291877695	-inf	-inf	-inf
115.29361418108692	-inf	-inf	-inf
115.3936954433969	-inf	-inf	-inf
115.49377670570686	-inf	-inf	-inf
115.59385796801683	-inf	-inf	-inf
115.6939392303268	-inf	-inf	-inf
115.79402049263678	-inf	-inf	-inf
115.89410175494675	-inf	-inf	-inf
115.99418301725673	-inf	-inf	-inf
116.0942642795667	-inf	-inf	-inf
116.19434554187667	-inf	-inf	-inf
116.29442680418664	-inf	-inf	-inf
116.39450806649661	-inf	-inf	-inf
116.49458932880658	-inf	-inf	-inf
116.59467059111655	-inf	-inf	-inf
116.69475185342652	-inf	-inf	-inf
116.7948331157365	-inf	-inf	-inf
116.89491437804647	-inf	-inf	-inf
116.99499564035644	-inf	-inf	-inf
117.0950769026664	-inf	-inf	-inf
117.19515816497638	-inf	-inf	-inf
117.29523942728635	-inf	-inf	-inf
117.39532068959632	-inf	-inf	-inf
117.49540195190629	-inf	-inf	-inf
117.59548321421626	-inf	-inf	-inf
117.69556447652623	-inf	-inf	-inf
117.79564573883621	-inf	-inf	-inf
117.89572700114618	-inf	-inf	-inf
117.99580826345615	-inf	-inf	-inf
118.09588952576613	-inf	-inf	-inf
118.1959707880761	-inf	-inf	-inf
118.29605205038607	-inf	-inf	-inf
118.39613331269604	-inf	-inf	-inf
118.49621457500601	-inf	-inf	-inf
118.59629583731598	-inf	-inf	-inf
118.69637709962595	-inf	-inf	-inf
118.79645836193592	-inf	-inf	-inf
118.89653962424589	-inf	-inf	-inf
118.99662088655586	-inf	-inf	-inf
119.09670214886583	-inf	-inf	-inf
119.1967834111758	-inf	-inf	-inf
119.29686467348577	-inf	-inf	-inf
119.39694593579574	-inf	-inf	-inf
119.49702719810571	-inf	-inf	-inf
119.5971084604157	-inf	-inf	-inf
119.69718972272567	-inf	-inf	-inf
119.79727098503564	-inf	-inf	-inf
119.89735224734561	-inf	-inf	-inf
119.99743350965558	-inf	-inf	-inf
120.09751477196555	-inf	-inf	-inf
120.19759603427552	-inf	-inf	-inf
120.29767729658549	-inf	-inf	-inf
120.39775855889546	-inf	-inf	-inf
120.49783982120543	-inf	-inf	-inf
120.5979210835154	-inf	-inf	-inf
120.69800234582537	-inf	-inf	-inf
120.79808360813534	-inf	-inf	-inf
120.89816487044531	-inf	-inf	-inf
120.99824613275528	-inf	-inf	-inf
121.09832739506525	-inf	-inf	-inf
121.19840865737523	-inf	-inf	-inf
121.2984899196852	-inf	-inf	-inf
121.39857118199518	-inf	-inf	-inf
121.49865244430515	-inf	-inf	-inf
121.59873370661512	-inf	-inf	-inf
121.69881496892509	-inf	-inf	-inf
121.79889623123506	-inf	-inf	-inf
121.89897749354503	-inf	-inf	-inf
121.999058755855	-inf	-inf	-inf
122.09914001816497	-inf	-inf	-inf
122.19922128047494	-inf	-inf	-inf
122.29930254278491	-inf	-inf	-inf
122.39938380509489	-0.6989700043360187	-inf	0.0
122.49946506740486	-0.3979400086720376	-inf	0.0
122.59954632971483	0.0	0.0	0.0
122.6996275920248	-0.2218487496163564	-inf	0.0
122.79970885433477	-0.5228787452803376	-inf	0.3010299956639812
122.89979011664474	-0.5228787452803376	-inf	0.0
122.99987137895471	-0.3010299956639812	-inf	0.0
123.09995264126468	0.0	-inf	0.3010299956639812
123.20003390357466	-0.045757490560675115	-inf	0.3010299956639812
123.30011516588463	-0.1549019599857432	-inf	0.3010299956639812
123.4001964281946	0.07918124604762482	0.0	0.3010299956639812
123.50027769050457	-0.1549019599857432	-inf	0.3010299956639812
123.60035895281455	-1.0	-inf	0.0
123.70044021512452	-1.0	-inf	0.0
123.80052147743449	-inf	-inf	-inf
123.90060273974446	-inf	-inf	-inf
124.00068400205443	-inf	-inf	-inf
124.1007652643644	-inf	-inf	-inf
124.20084652667437	-inf	-inf	-inf
124.30092778898434	-inf	-inf	-inf
124.40100905129431	-inf	-inf	-inf
124.50109031360428	-inf	-inf	-inf
124.60117157591425	-inf	-inf	-inf
124.70125283822422	-inf	-inf	-inf
124.80133410053419	-inf	-inf	-inf
124.90141536284416	-inf	-inf	-inf
125.00149662515415	-inf	-inf	-inf
125.10157788746412	-inf	-inf	-inf
125.20165914977409	-inf	-inf	-inf
125.30174041208406	-inf	-inf	-inf
125.40182167439403	-inf	-inf	-inf
125.501902936704	-inf	-inf	-inf
125.60198419901397	-inf	-inf	-inf
125.70206546132394	-inf	-inf	-inf
125.80214672363391	-inf	-inf	-inf
125.90222798594388	-inf	-inf	-inf
126.00230924825385	-inf	-inf	-inf
126.10239051056382	-inf	-inf	-inf
126.20247177287379	-inf	-inf	-inf
126.30255303518376	-inf	-inf	-inf
126.40263429749373	-inf	-inf	-inf
126.5027155598037	-inf	-inf	-inf
126.60279682211367	-inf	-inf	-inf
126.70287808442365	-inf	-inf	-inf
126.80295934673363	-inf	-inf	-inf
126.9030406090436	-inf	-inf	-inf
127.00312187135357	-inf	-inf	-inf
127.10320313366354	-inf	-inf	-inf
127.20328439597351	-inf	-inf	-inf
127.30336565828348	-inf	-inf	-inf
127.40344692059345	-inf	-inf	-inf
127.50352818290342	-inf	-inf	-inf
127.6036094452134	-inf	-inf	-inf
127.70369070752336	-inf	-inf	-inf
127.80377196983333	-inf	-inf	-inf
127.9038532321433	-inf	-inf	-inf
128.0039344944533	-inf	-inf	-inf
128.10401575676326	-inf	-inf	-inf
128.20409701907323	-inf	-inf	-inf
128.3041782813832	-inf	-inf	-inf
128.40425954369317	-inf	-inf	-inf
128.50434080600314	-inf	-inf	-inf
128.6044220683131	-inf	-inf	-inf
128.70450333062308	-inf	-inf	-inf
128.80458459293305	-inf	-inf	-inf
128.90466585524302	-inf	-inf	-inf
129.004747117553	-inf	-inf	-inf
129.10482837986297	-inf	-inf	-inf
129.20490964217294	-inf	-inf	-inf
129.3049909044829	-inf	-inf	-inf
129.40507216679288	-inf	-inf	-inf
129.50515342910285	-inf	-inf	-inf
129.60523469141282	-inf	-inf	-inf
129.7053159537228	-inf	-inf	-inf
129.80539721603276	-inf	-inf	-inf
129.90547847834273	-inf	-inf	-inf
130.0055597406527	-inf	-inf	-inf
130.10564100296267	-inf	-inf	-inf
130.20572226527264	-inf	-inf	-inf
130.3058035275826	-inf	-inf	-inf
130.40588478989258	-inf	-inf	-inf
130.50596605220255	-inf	-inf	-inf
130.60604731451252	-inf	-inf	-inf
130.7061285768225	-inf	-inf	-inf
130.80620983913246	-inf	-inf	-inf
130.90629110144243	-inf	-inf	-inf
131.0063723637524	-inf	-inf	-inf
131.10645362606238	-inf	-inf	-inf
131.20653488837235	-inf	-inf	-inf
131.30661615068234	-inf	-inf	-inf
131.40669741299232	-inf	-inf	-inf
131.5067786753023	-inf	-inf	-inf
131.60685993761226	-inf	-inf	-inf
131.70694119992223	-inf	-inf	-inf
131.8070224622322	-inf	-inf	-inf
131.90710372454217	-inf	-inf	-inf
132.00718498685214	-inf	-inf	-inf
132.1072662491621	-inf	-inf	-inf
132.20734751147208	-inf	-inf	-inf
132.30742877378205	-inf	-inf	-inf
132.40751003609202	-inf	-inf	-inf
132.507591298402	-inf	-inf	-inf
132.60767256071196	-inf	-inf	-inf
132.70775382302193	-inf	-inf	-inf
132.8078350853319	-inf	-inf	-inf
132.90791634764187	-inf	-inf	-inf
133.00799760995184	-inf	-inf	-inf
133.1080788722618	-inf	-inf	-inf
133.20816013457178	-inf	-inf	-inf
133.30824139688175	-inf	-inf	-inf
133.40832265919173	-inf	-inf	-inf
133.5084039215017	-inf	-inf	-inf
133.60848518381167	-inf	-inf	-inf
133.70856644612164	-inf	-inf	-inf
133.8086477084316	-inf	-inf	-inf
133.90872897074158	-inf	-inf	-inf
134.00881023305155	-inf	-inf	-inf
134.10889149536152	-inf	-inf	-inf
134.2089727576715	-inf	-inf	-inf
134.30905401998146	-inf	-inf	-inf
134.40913528229143	-inf	-inf	-inf
134.5092165446014	-inf	-inf	-inf
134.60929780691137	-inf	-inf	-inf
134.70937906922134	-inf	-inf	-inf
134.8094603315313	-inf	-inf	-inf
134.9095415938413	-inf	-inf	-inf
135.00962285615128	-inf	-inf	-inf
135.10970411846125	-inf	-inf	-inf
135.20978538077122	-inf	-inf	-inf
135.3098666430812	-inf	-inf	-inf
135.40994790539116	-inf	-inf	-inf
135.51002916770113	-inf	-inf	-inf
135.6101104300111	-inf	-inf	-inf
135.71019169232108	-inf	-inf	-inf
135.81027295463105	-inf	-inf	-inf
135.91035421694102	-inf	-inf	-inf
136.010435479251	-inf	-inf	-inf
136.11051674156096	-inf	-inf	-inf
136.21059800387093	-inf	-inf	-inf
136.3106792661809	-inf	-inf	-inf
136.41076052849087	-inf	-inf	-inf
136.51084179080084	-inf	-inf	-inf
136.6109230531108	-inf	-inf	-inf
136.71100431542078	-inf	-inf	-inf
136.81108557773075	-inf	-inf	-inf
136.91116684004072	-inf	-inf	-inf
137.0112481023507	-inf	-inf	-inf
137.11132936466066	-inf	-inf	-inf
137.21141062697063	-inf	-inf	-inf
137.3114918892806	-inf	-inf	-inf
137.41157315159057	-inf	-inf	-inf
137.51165441390054	-inf	-inf	-inf
137.61173567621051	-inf	-inf	-inf
137.71181693852049	-inf	-inf	-inf
137.81189820083046	-inf	-inf	-inf
137.91197946314043	-inf	-inf	-inf
138.0120607254504	-inf	-inf	-inf
138.11214198776037	-inf	-inf	-inf
138.21222325007034	-inf	-inf	-inf
138.3123045123803	-inf	-inf	-inf
138.41238577469028	-inf	-inf	-inf
138.51246703700028	-inf	-inf	-inf
138.61254829931025	-inf	-inf	-inf
138.71262956162022	-inf	-inf	-inf
138.8127108239302	-inf	-inf	-inf
138.91279208624016	-inf	-inf	-inf
139.01287334855013	-inf	-inf	-inf
139.1129546108601	-inf	-inf	-inf
139.21303587317007	-inf	-inf	-inf
139.31311713548004	-inf	-inf	-inf
139.41319839779	-inf	-inf	-inf
139.51327966009998	-inf	-inf	-inf
139.61336092240995	-inf	-inf	-inf
139.71344218471992	-inf	-inf	-inf
139.8135234470299	-inf	-inf	-inf
139.91360470933986	-inf	-inf	-inf
140.01368597164983	-inf	-inf	-inf
140.1137672339598	-inf	-inf	-inf
140.21384849626978	-inf	-inf	-inf
140.31392975857975	-inf	-inf	-inf
140.41401102088972	-inf	-inf	-inf
140.5140922831997	-inf	-inf	-inf
140.61417354550966	-inf	-inf	-inf
140.71425480781963	-inf	-inf	-inf
140.8143360701296	-inf	-inf	-inf
140.91441733243957	-inf	-inf	-inf
141.01449859474954	-inf	-inf	-inf
141.1145798570595	-inf	-inf	-inf
141.21466111936948	-inf	-inf	-inf
141.31474238167945	-inf	-inf	-inf
141.41482364398942	-inf	-inf	-inf
141.5149049062994	-inf	-inf	-inf
141.61498616860936	-inf	-inf	-inf
141.71506743091933	-inf	-inf	-inf
141.8151486932293	-inf	-inf	-inf
141.91522995553927	-inf	-inf	-inf
142.01531121784924	-inf	-inf	-inf
142.11539248015924	-inf	-inf	-inf
142.21547374246921	-inf	-inf	-inf
142.31555500477918	-inf	-inf	-inf
142.41563626708916	-inf	-inf	-inf
142.51571752939913	-inf	-inf	-inf
142.6157987917091	-inf	-inf	-inf
142.71588005401907	-inf	-inf	-inf
142.81596131632904	-inf	-inf	-inf
142.916042578639	-inf	-inf	-inf
143.01612384094898	-inf	-inf	-inf
143.11620510325895	-inf	-inf	-inf
143.21628636556892	-inf	-inf	-inf
143.3163676278789	-inf	-inf	-inf
143.41644889018886	-inf	-inf	-inf
143.51653015249883	-inf	-inf	-inf
143.6166114148088	-inf	-inf	-inf
143.71669267711877	-inf	-inf	-inf
143.81677393942874	-inf	-inf	-inf
143.9168552017387	-inf	-inf	-inf
144.01693646404868	-inf	-inf	-inf
144.11701772635865	-inf	-inf	-inf
144.21709898866862	-inf	-inf	-inf
144.3171802509786	-inf	-inf	-inf
144.41726151328857	-inf	-inf	-inf
144.51734277559854	-inf	-inf	-inf
144.6174240379085	-inf	-inf	-inf
144.71750530021848	-inf	-inf	-inf
144.81758656252845	-inf	-inf	-inf
144.91766782483842	-inf	-inf	-inf
145.0177490871484	-inf	-inf	-inf
145.11783034945836	-inf	-inf	-inf
145.21791161176833	-inf	-inf	-inf
145.3179928740783	-inf	-inf	-inf
145.41807413638827	-inf	-inf	-inf
145.51815539869824	-inf	-inf	-inf
145.6182366610082	-0.6989700043360187	-inf	0.0
145.7183179233182	-0.3979400086720376	-inf	0.0
145.81839918562818	-0.3979400086720376	-inf	0.0
145.91848044793815	-0.3010299956639812	-inf	0.0
146.01856171024812	-0.1549019599857432	-inf	0.3010299956639812
146.1186429725581	-0.1549019599857432	-inf	0.3010299956639812
146.21872423486806	-0.09691001300805639	-inf	0.3010299956639812
146.31880549717803	-0.045757490560675115	-inf	0.3010299956639812
146.418886759488	0.07918124604762482	0.0	0.3010299956639812
146.51896802179797	-0.045757490560675115	-inf	0.3010299956639812
146.61904928410794	0.0	-inf	0.3010299956639812
146.71913054641792	-0.045757490560675115	-inf	0.3010299956639812
146.81921180872789	0.0	-inf	0.3010299956639812
146.91929307103786	0.07918124604762482	-inf	0.3010299956639812
147.01937433334783	0.0	-inf	0.3010299956639812
147.1194555956578	-0.045757490560675115	-inf	0.3010299956639812
147.21953685796777	-0.09691001300805639	-inf	0.3010299956639812
147.31961812027774	-0.09691001300805639	-inf	0.3010299956639812
147.4196993825877	-0.2218487496163564	-inf	0.3010299956639812
147.51978064489768	-0.045757490560675115	-inf	0.3010299956639812
147.61986190720765	0.04139268515822508	-inf	0.3010299956639812
147.71994316951762	0.04139268515822508	-inf	0.3010299956639812
147.8200244318276	-0.1549019599857432	-inf	0.0
147.92010569413756	-0.3010299956639812	-inf	0.0
148.02018695644753	-0.3979400086720376	-inf	0.0
148.1202682187575	-0.3979400086720376	-inf	0.0
148.22034948106747	-0.5228787452803376	-inf	0.0
148.32043074337744	-0.5228787452803376	-inf	0.0
148.4205120056874	-1.0	-inf	0.0
148.52059326799738	-1.0	-inf	0.0
148.62067453030735	-1.0	-inf	0.0
148.72075579261733	-1.0	-inf	0.0
